      0      0      1
      1      1      2
      2      2      3
      3      3      4
      4      4      5
      5      5      6
      6      6      7
      7      7      8
      8      8      9
      9      9     10
     10     10     11
     11     11     12
     12     12     13
     13     13     14
     14     14     15
     15     15     16
     16     16     17
     17     17     18
     18     18     19
     19     19     20
     20     20     21
     21     21     22
     22     22     23
     23     23     24
     24     24     25
     25     25     26
     26     26     27
     27     27     28
     28     28     29
     29     29     30
     30     30     31
     31     31     32
     32     32     33
     33     33     34
     34     34     35
     35     35     36
     36     36     37
     37     37     38
     38     38     39
     39     39     40
     40     42     41
     41     43     42
     42     44     43
     43     45     44
     44     46     45
     45     47     46
     46     48     47
     47     49     48
     48     50     49
     49     51     50
     50     52     51
     51     53     52
     52     54     53
     53     55     54
     54     56     55
     55     57     56
     56     58     57
     57     59     58
     58     60     59
     59     61     60
     60     62     61
     61     63     62
     62     64     63
     63     65     64
     64     66     65
     65     67     66
     66     68     67
     67     69     68
     68     70     69
     69     71     70
     70     72     71
     71     73     72
     72     74     73
     73     75     74
     74     76     75
     75     77     76
     76     78     77
     77     79     78
     78     80     79
     79     81     80
     80     82     83
     81     83     84
     82     84     85
     83     85     86
     84     86     87
     85     87     88
     86     88     89
     87     89     90
     88     90     91
     89     91     92
     90     92     93
     91     93     94
     92     94     95
     93     95     96
     94     96     97
     95     97     98
     96     98     99
     97     99    100
     98    100    101
     99    101    102
    100    102    103
    101    103    104
    102    104    105
    103    105    106
    104    106    107
    105    107    108
    106    108    109
    107    109    110
    108    110    111
    109    111    112
    110    112    113
    111    113    114
    112    114    115
    113    115    116
    114    116    117
    115    117    118
    116    118    119
    117    119    120
    118    120    121
    119    121    122
    120    124    123
    121    125    124
    122    126    125
    123    127    126
    124    128    127
    125    129    128
    126    130    129
    127    131    130
    128    132    131
    129    133    132
    130    134    133
    131    135    134
    132    136    135
    133    137    136
    134    138    137
    135    139    138
    136    140    139
    137    141    140
    138    142    141
    139    143    142
    140    144    143
    141    145    144
    142    146    145
    143    147    146
    144    148    147
    145    149    148
    146    150    149
    147    151    150
    148    152    151
    149    153    152
    150    154    153
    151    155    154
    152    156    155
    153    157    156
    154    158    157
    155    159    158
    156    160    159
    157    161    160
    158    162    161
    159    163    162
    160    164    165
    161    165    166
    162    166    167
    163    167    168
    164    168    169
    165    169    170
    166    170    171
    167    171    172
    168    172    173
    169    173    174
    170    174    175
    171    175    176
    172    176    177
    173    177    178
    174    178    179
    175    179    180
    176    180    181
    177    181    182
    178    182    183
    179    183    184
    180    184    185
    181    185    186
    182    186    187
    183    187    188
    184    188    189
    185    189    190
    186    190    191
    187    191    192
    188    192    193
    189    193    194
    190    194    195
    191    195    196
    192    196    197
    193    197    198
    194    198    199
    195    199    200
    196    200    201
    197    201    202
    198    202    203
    199    203    204
    200    206    205
    201    207    206
    202    208    207
    203    209    208
    204    210    209
    205    211    210
    206    212    211
    207    213    212
    208    214    213
    209    215    214
    210    216    215
    211    217    216
    212    218    217
    213    219    218
    214    220    219
    215    221    220
    216    222    221
    217    223    222
    218    224    223
    219    225    224
    220    226    225
    221    227    226
    222    228    227
    223    229    228
    224    230    229
    225    231    230
    226    232    231
    227    233    232
    228    234    233
    229    235    234
    230    236    235
    231    237    236
    232    238    237
    233    239    238
    234    240    239
    235    241    240
    236    242    241
    237    243    242
    238    244    243
    239    245    244
    240    246    247
    241    247    248
    242    248    249
    243    249    250
    244    250    251
    245    251    252
    246    252    253
    247    253    254
    248    254    255
    249    255    256
    250    256    257
    251    257    258
    252    258    259
    253    259    260
    254    260    261
    255    261    262
    256    262    263
    257    263    264
    258    264    265
    259    265    266
    260    266    267
    261    267    268
    262    268    269
    263    269    270
    264    270    271
    265    271    272
    266    272    273
    267    273    274
    268    274    275
    269    275    276
    270    276    277
    271    277    278
    272    278    279
    273    279    280
    274    280    281
    275    281    282
    276    282    283
    277    283    284
    278    284    285
    279    285    286
    280    288    287
    281    289    288
    282    290    289
    283    291    290
    284    292    291
    285    293    292
    286    294    293
    287    295    294
    288    296    295
    289    297    296
    290    298    297
    291    299    298
    292    300    299
    293    301    300
    294    302    301
    295    303    302
    296    304    303
    297    305    304
    298    306    305
    299    307    306
    300    308    307
    301    309    308
    302    310    309
    303    311    310
    304    312    311
    305    313    312
    306    314    313
    307    315    314
    308    316    315
    309    317    316
    310    318    317
    311    319    318
    312    320    319
    313    321    320
    314    322    321
    315    323    322
    316    324    323
    317    325    324
    318    326    325
    319    327    326
    320    328    329
    321    329    330
    322    330    331
    323    331    332
    324    332    333
    325    333    334
    326    334    335
    327    335    336
    328    336    337
    329    337    338
    330    338    339
    331    339    340
    332    340    341
    333    341    342
    334    342    343
    335    343    344
    336    344    345
    337    345    346
    338    346    347
    339    347    348
    340    348    349
    341    349    350
    342    350    351
    343    351    352
    344    352    353
    345    353    354
    346    354    355
    347    355    356
    348    356    357
    349    357    358
    350    358    359
    351    359    360
    352    360    361
    353    361    362
    354    362    363
    355    363    364
    356    364    365
    357    365    366
    358    366    367
    359    367    368
    360    370    369
    361    371    370
    362    372    371
    363    373    372
    364    374    373
    365    375    374
    366    376    375
    367    377    376
    368    378    377
    369    379    378
    370    380    379
    371    381    380
    372    382    381
    373    383    382
    374    384    383
    375    385    384
    376    386    385
    377    387    386
    378    388    387
    379    389    388
    380    390    389
    381    391    390
    382    392    391
    383    393    392
    384    394    393
    385    395    394
    386    396    395
    387    397    396
    388    398    397
    389    399    398
    390    400    399
    391    401    400
    392    402    401
    393    403    402
    394    404    403
    395    405    404
    396    406    405
    397    407    406
    398    408    407
    399    409    408
    400    410    411
    401    411    412
    402    412    413
    403    413    414
    404    414    415
    405    415    416
    406    416    417
    407    417    418
    408    418    419
    409    419    420
    410    420    421
    411    421    422
    412    422    423
    413    423    424
    414    424    425
    415    425    426
    416    426    427
    417    427    428
    418    428    429
    419    429    430
    420    430    431
    421    431    432
    422    432    433
    423    433    434
    424    434    435
    425    435    436
    426    436    437
    427    437    438
    428    438    439
    429    439    440
    430    440    441
    431    441    442
    432    442    443
    433    443    444
    434    444    445
    435    445    446
    436    446    447
    437    447    448
    438    448    449
    439    449    450
    440    452    451
    441    453    452
    442    454    453
    443    455    454
    444    456    455
    445    457    456
    446    458    457
    447    459    458
    448    460    459
    449    461    460
    450    462    461
    451    463    462
    452    464    463
    453    465    464
    454    466    465
    455    467    466
    456    468    467
    457    469    468
    458    470    469
    459    471    470
    460    472    471
    461    473    472
    462    474    473
    463    475    474
    464    476    475
    465    477    476
    466    478    477
    467    479    478
    468    480    479
    469    481    480
    470    482    481
    471    483    482
    472    484    483
    473    485    484
    474    486    485
    475    487    486
    476    488    487
    477    489    488
    478    490    489
    479    491    490
    480    492    493
    481    493    494
    482    494    495
    483    495    496
    484    496    497
    485    497    498
    486    498    499
    487    499    500
    488    500    501
    489    501    502
    490    502    503
    491    503    504
    492    504    505
    493    505    506
    494    506    507
    495    507    508
    496    508    509
    497    509    510
    498    510    511
    499    511    512
    500    512    513
    501    513    514
    502    514    515
    503    515    516
    504    516    517
    505    517    518
    506    518    519
    507    519    520
    508    520    521
    509    521    522
    510    522    523
    511    523    524
    512    524    525
    513    525    526
    514    526    527
    515    527    528
    516    528    529
    517    529    530
    518    530    531
    519    531    532
    520    534    533
    521    535    534
    522    536    535
    523    537    536
    524    538    537
    525    539    538
    526    540    539
    527    541    540
    528    542    541
    529    543    542
    530    544    543
    531    545    544
    532    546    545
    533    547    546
    534    548    547
    535    549    548
    536    550    549
    537    551    550
    538    552    551
    539    553    552
    540    554    553
    541    555    554
    542    556    555
    543    557    556
    544    558    557
    545    559    558
    546    560    559
    547    561    560
    548    562    561
    549    563    562
    550    564    563
    551    565    564
    552    566    565
    553    567    566
    554    568    567
    555    569    568
    556    570    569
    557    571    570
    558    572    571
    559    573    572
    560    574    575
    561    575    576
    562    576    577
    563    577    578
    564    578    579
    565    579    580
    566    580    581
    567    581    582
    568    582    583
    569    583    584
    570    584    585
    571    585    586
    572    586    587
    573    587    588
    574    588    589
    575    589    590
    576    590    591
    577    591    592
    578    592    593
    579    593    594
    580    594    595
    581    595    596
    582    596    597
    583    597    598
    584    598    599
    585    599    600
    586    600    601
    587    601    602
    588    602    603
    589    603    604
    590    604    605
    591    605    606
    592    606    607
    593    607    608
    594    608    609
    595    609    610
    596    610    611
    597    611    612
    598    612    613
    599    613    614
    600    616    615
    601    617    616
    602    618    617
    603    619    618
    604    620    619
    605    621    620
    606    622    621
    607    623    622
    608    624    623
    609    625    624
    610    626    625
    611    627    626
    612    628    627
    613    629    628
    614    630    629
    615    631    630
    616    632    631
    617    633    632
    618    634    633
    619    635    634
    620    636    635
    621    637    636
    622    638    637
    623    639    638
    624    640    639
    625    641    640
    626    642    641
    627    643    642
    628    644    643
    629    645    644
    630    646    645
    631    647    646
    632    648    647
    633    649    648
    634    650    649
    635    651    650
    636    652    651
    637    653    652
    638    654    653
    639    655    654
    640    656    657
    641    657    658
    642    658    659
    643    659    660
    644    660    661
    645    661    662
    646    662    663
    647    663    664
    648    664    665
    649    665    666
    650    666    667
    651    667    668
    652    668    669
    653    669    670
    654    670    671
    655    671    672
    656    672    673
    657    673    674
    658    674    675
    659    675    676
    660    676    677
    661    677    678
    662    678    679
    663    679    680
    664    680    681
    665    681    682
    666    682    683
    667    683    684
    668    684    685
    669    685    686
    670    686    687
    671    687    688
    672    688    689
    673    689    690
    674    690    691
    675    691    692
    676    692    693
    677    693    694
    678    694    695
    679    695    696
    680    698    697
    681    699    698
    682    700    699
    683    701    700
    684    702    701
    685    703    702
    686    704    703
    687    705    704
    688    706    705
    689    707    706
    690    708    707
    691    709    708
    692    710    709
    693    711    710
    694    712    711
    695    713    712
    696    714    713
    697    715    714
    698    716    715
    699    717    716
    700    718    717
    701    719    718
    702    720    719
    703    721    720
    704    722    721
    705    723    722
    706    724    723
    707    725    724
    708    726    725
    709    727    726
    710    728    727
    711    729    728
    712    730    729
    713    731    730
    714    732    731
    715    733    732
    716    734    733
    717    735    734
    718    736    735
    719    737    736
    720    738    739
    721    739    740
    722    740    741
    723    741    742
    724    742    743
    725    743    744
    726    744    745
    727    745    746
    728    746    747
    729    747    748
    730    748    749
    731    749    750
    732    750    751
    733    751    752
    734    752    753
    735    753    754
    736    754    755
    737    755    756
    738    756    757
    739    757    758
    740    758    759
    741    759    760
    742    760    761
    743    761    762
    744    762    763
    745    763    764
    746    764    765
    747    765    766
    748    766    767
    749    767    768
    750    768    769
    751    769    770
    752    770    771
    753    771    772
    754    772    773
    755    773    774
    756    774    775
    757    775    776
    758    776    777
    759    777    778
    760    780    779
    761    781    780
    762    782    781
    763    783    782
    764    784    783
    765    785    784
    766    786    785
    767    787    786
    768    788    787
    769    789    788
    770    790    789
    771    791    790
    772    792    791
    773    793    792
    774    794    793
    775    795    794
    776    796    795
    777    797    796
    778    798    797
    779    799    798
    780    800    799
    781    801    800
    782    802    801
    783    803    802
    784    804    803
    785    805    804
    786    806    805
    787    807    806
    788    808    807
    789    809    808
    790    810    809
    791    811    810
    792    812    811
    793    813    812
    794    814    813
    795    815    814
    796    816    815
    797    817    816
    798    818    817
    799    819    818
    800    820    821
    801    821    822
    802    822    823
    803    823    824
    804    824    825
    805    825    826
    806    826    827
    807    827    828
    808    828    829
    809    829    830
    810    830    831
    811    831    832
    812    832    833
    813    833    834
    814    834    835
    815    835    836
    816    836    837
    817    837    838
    818    838    839
    819    839    840
    820    840    841
    821    841    842
    822    842    843
    823    843    844
    824    844    845
    825    845    846
    826    846    847
    827    847    848
    828    848    849
    829    849    850
    830    850    851
    831    851    852
    832    852    853
    833    853    854
    834    854    855
    835    855    856
    836    856    857
    837    857    858
    838    858    859
    839    859    860
    840    862    861
    841    863    862
    842    864    863
    843    865    864
    844    866    865
    845    867    866
    846    868    867
    847    869    868
    848    870    869
    849    871    870
    850    872    871
    851    873    872
    852    874    873
    853    875    874
    854    876    875
    855    877    876
    856    878    877
    857    879    878
    858    880    879
    859    881    880
    860    882    881
    861    883    882
    862    884    883
    863    885    884
    864    886    885
    865    887    886
    866    888    887
    867    889    888
    868    890    889
    869    891    890
    870    892    891
    871    893    892
    872    894    893
    873    895    894
    874    896    895
    875    897    896
    876    898    897
    877    899    898
    878    900    899
    879    901    900
    880    902    903
    881    903    904
    882    904    905
    883    905    906
    884    906    907
    885    907    908
    886    908    909
    887    909    910
    888    910    911
    889    911    912
    890    912    913
    891    913    914
    892    914    915
    893    915    916
    894    916    917
    895    917    918
    896    918    919
    897    919    920
    898    920    921
    899    921    922
    900    922    923
    901    923    924
    902    924    925
    903    925    926
    904    926    927
    905    927    928
    906    928    929
    907    929    930
    908    930    931
    909    931    932
    910    932    933
    911    933    934
    912    934    935
    913    935    936
    914    936    937
    915    937    938
    916    938    939
    917    939    940
    918    940    941
    919    941    942
    920    944    943
    921    945    944
    922    946    945
    923    947    946
    924    948    947
    925    949    948
    926    950    949
    927    951    950
    928    952    951
    929    953    952
    930    954    953
    931    955    954
    932    956    955
    933    957    956
    934    958    957
    935    959    958
    936    960    959
    937    961    960
    938    962    961
    939    963    962
    940    964    963
    941    965    964
    942    966    965
    943    967    966
    944    968    967
    945    969    968
    946    970    969
    947    971    970
    948    972    971
    949    973    972
    950    974    973
    951    975    974
    952    976    975
    953    977    976
    954    978    977
    955    979    978
    956    980    979
    957    981    980
    958    982    981
    959    983    982
    960    984    985
    961    985    986
    962    986    987
    963    987    988
    964    988    989
    965    989    990
    966    990    991
    967    991    992
    968    992    993
    969    993    994
    970    994    995
    971    995    996
    972    996    997
    973    997    998
    974    998    999
    975    999   1000
    976   1000   1001
    977   1001   1002
    978   1002   1003
    979   1003   1004
    980   1004   1005
    981   1005   1006
    982   1006   1007
    983   1007   1008
    984   1008   1009
    985   1009   1010
    986   1010   1011
    987   1011   1012
    988   1012   1013
    989   1013   1014
    990   1014   1015
    991   1015   1016
    992   1016   1017
    993   1017   1018
    994   1018   1019
    995   1019   1020
    996   1020   1021
    997   1021   1022
    998   1022   1023
    999   1023   1024
   1000   1026   1025
   1001   1027   1026
   1002   1028   1027
   1003   1029   1028
   1004   1030   1029
   1005   1031   1030
   1006   1032   1031
   1007   1033   1032
   1008   1034   1033
   1009   1035   1034
   1010   1036   1035
   1011   1037   1036
   1012   1038   1037
   1013   1039   1038
   1014   1040   1039
   1015   1041   1040
   1016   1042   1041
   1017   1043   1042
   1018   1044   1043
   1019   1045   1044
   1020   1046   1045
   1021   1047   1046
   1022   1048   1047
   1023   1049   1048
   1024   1050   1049
   1025   1051   1050
   1026   1052   1051
   1027   1053   1052
   1028   1054   1053
   1029   1055   1054
   1030   1056   1055
   1031   1057   1056
   1032   1058   1057
   1033   1059   1058
   1034   1060   1059
   1035   1061   1060
   1036   1062   1061
   1037   1063   1062
   1038   1064   1063
   1039   1065   1064
   1040   1066   1067
   1041   1067   1068
   1042   1068   1069
   1043   1069   1070
   1044   1070   1071
   1045   1071   1072
   1046   1072   1073
   1047   1073   1074
   1048   1074   1075
   1049   1075   1076
   1050   1076   1077
   1051   1077   1078
   1052   1078   1079
   1053   1079   1080
   1054   1080   1081
   1055   1081   1082
   1056   1082   1083
   1057   1083   1084
   1058   1084   1085
   1059   1085   1086
   1060   1086   1087
   1061   1087   1088
   1062   1088   1089
   1063   1089   1090
   1064   1090   1091
   1065   1091   1092
   1066   1092   1093
   1067   1093   1094
   1068   1094   1095
   1069   1095   1096
   1070   1096   1097
   1071   1097   1098
   1072   1098   1099
   1073   1099   1100
   1074   1100   1101
   1075   1101   1102
   1076   1102   1103
   1077   1103   1104
   1078   1104   1105
   1079   1105   1106
   1080   1108   1107
   1081   1109   1108
   1082   1110   1109
   1083   1111   1110
   1084   1112   1111
   1085   1113   1112
   1086   1114   1113
   1087   1115   1114
   1088   1116   1115
   1089   1117   1116
   1090   1118   1117
   1091   1119   1118
   1092   1120   1119
   1093   1121   1120
   1094   1122   1121
   1095   1123   1122
   1096   1124   1123
   1097   1125   1124
   1098   1126   1125
   1099   1127   1126
   1100   1128   1127
   1101   1129   1128
   1102   1130   1129
   1103   1131   1130
   1104   1132   1131
   1105   1133   1132
   1106   1134   1133
   1107   1135   1134
   1108   1136   1135
   1109   1137   1136
   1110   1138   1137
   1111   1139   1138
   1112   1140   1139
   1113   1141   1140
   1114   1142   1141
   1115   1143   1142
   1116   1144   1143
   1117   1145   1144
   1118   1146   1145
   1119   1147   1146
   1120   1148   1149
   1121   1149   1150
   1122   1150   1151
   1123   1151   1152
   1124   1152   1153
   1125   1153   1154
   1126   1154   1155
   1127   1155   1156
   1128   1156   1157
   1129   1157   1158
   1130   1158   1159
   1131   1159   1160
   1132   1160   1161
   1133   1161   1162
   1134   1162   1163
   1135   1163   1164
   1136   1164   1165
   1137   1165   1166
   1138   1166   1167
   1139   1167   1168
   1140   1168   1169
   1141   1169   1170
   1142   1170   1171
   1143   1171   1172
   1144   1172   1173
   1145   1173   1174
   1146   1174   1175
   1147   1175   1176
   1148   1176   1177
   1149   1177   1178
   1150   1178   1179
   1151   1179   1180
   1152   1180   1181
   1153   1181   1182
   1154   1182   1183
   1155   1183   1184
   1156   1184   1185
   1157   1185   1186
   1158   1186   1187
   1159   1187   1188
   1160   1190   1189
   1161   1191   1190
   1162   1192   1191
   1163   1193   1192
   1164   1194   1193
   1165   1195   1194
   1166   1196   1195
   1167   1197   1196
   1168   1198   1197
   1169   1199   1198
   1170   1200   1199
   1171   1201   1200
   1172   1202   1201
   1173   1203   1202
   1174   1204   1203
   1175   1205   1204
   1176   1206   1205
   1177   1207   1206
   1178   1208   1207
   1179   1209   1208
   1180   1210   1209
   1181   1211   1210
   1182   1212   1211
   1183   1213   1212
   1184   1214   1213
   1185   1215   1214
   1186   1216   1215
   1187   1217   1216
   1188   1218   1217
   1189   1219   1218
   1190   1220   1219
   1191   1221   1220
   1192   1222   1221
   1193   1223   1222
   1194   1224   1223
   1195   1225   1224
   1196   1226   1225
   1197   1227   1226
   1198   1228   1227
   1199   1229   1228
   1200   1230   1231
   1201   1231   1232
   1202   1232   1233
   1203   1233   1234
   1204   1234   1235
   1205   1235   1236
   1206   1236   1237
   1207   1237   1238
   1208   1238   1239
   1209   1239   1240
   1210   1240   1241
   1211   1241   1242
   1212   1242   1243
   1213   1243   1244
   1214   1244   1245
   1215   1245   1246
   1216   1246   1247
   1217   1247   1248
   1218   1248   1249
   1219   1249   1250
   1220   1250   1251
   1221   1251   1252
   1222   1252   1253
   1223   1253   1254
   1224   1254   1255
   1225   1255   1256
   1226   1256   1257
   1227   1257   1258
   1228   1258   1259
   1229   1259   1260
   1230   1260   1261
   1231   1261   1262
   1232   1262   1263
   1233   1263   1264
   1234   1264   1265
   1235   1265   1266
   1236   1266   1267
   1237   1267   1268
   1238   1268   1269
   1239   1269   1270
   1240   1272   1271
   1241   1273   1272
   1242   1274   1273
   1243   1275   1274
   1244   1276   1275
   1245   1277   1276
   1246   1278   1277
   1247   1279   1278
   1248   1280   1279
   1249   1281   1280
   1250   1282   1281
   1251   1283   1282
   1252   1284   1283
   1253   1285   1284
   1254   1286   1285
   1255   1287   1286
   1256   1288   1287
   1257   1289   1288
   1258   1290   1289
   1259   1291   1290
   1260   1292   1291
   1261   1293   1292
   1262   1294   1293
   1263   1295   1294
   1264   1296   1295
   1265   1297   1296
   1266   1298   1297
   1267   1299   1298
   1268   1300   1299
   1269   1301   1300
   1270   1302   1301
   1271   1303   1302
   1272   1304   1303
   1273   1305   1304
   1274   1306   1305
   1275   1307   1306
   1276   1308   1307
   1277   1309   1308
   1278   1310   1309
   1279   1311   1310
   1280   1312   1313
   1281   1313   1314
   1282   1314   1315
   1283   1315   1316
   1284   1316   1317
   1285   1317   1318
   1286   1318   1319
   1287   1319   1320
   1288   1320   1321
   1289   1321   1322
   1290   1322   1323
   1291   1323   1324
   1292   1324   1325
   1293   1325   1326
   1294   1326   1327
   1295   1327   1328
   1296   1328   1329
   1297   1329   1330
   1298   1330   1331
   1299   1331   1332
   1300   1332   1333
   1301   1333   1334
   1302   1334   1335
   1303   1335   1336
   1304   1336   1337
   1305   1337   1338
   1306   1338   1339
   1307   1339   1340
   1308   1340   1341
   1309   1341   1342
   1310   1342   1343
   1311   1343   1344
   1312   1344   1345
   1313   1345   1346
   1314   1346   1347
   1315   1347   1348
   1316   1348   1349
   1317   1349   1350
   1318   1350   1351
   1319   1351   1352
   1320   1354   1353
   1321   1355   1354
   1322   1356   1355
   1323   1357   1356
   1324   1358   1357
   1325   1359   1358
   1326   1360   1359
   1327   1361   1360
   1328   1362   1361
   1329   1363   1362
   1330   1364   1363
   1331   1365   1364
   1332   1366   1365
   1333   1367   1366
   1334   1368   1367
   1335   1369   1368
   1336   1370   1369
   1337   1371   1370
   1338   1372   1371
   1339   1373   1372
   1340   1374   1373
   1341   1375   1374
   1342   1376   1375
   1343   1377   1376
   1344   1378   1377
   1345   1379   1378
   1346   1380   1379
   1347   1381   1380
   1348   1382   1381
   1349   1383   1382
   1350   1384   1383
   1351   1385   1384
   1352   1386   1385
   1353   1387   1386
   1354   1388   1387
   1355   1389   1388
   1356   1390   1389
   1357   1391   1390
   1358   1392   1391
   1359   1393   1392
   1360   1394   1395
   1361   1395   1396
   1362   1396   1397
   1363   1397   1398
   1364   1398   1399
   1365   1399   1400
   1366   1400   1401
   1367   1401   1402
   1368   1402   1403
   1369   1403   1404
   1370   1404   1405
   1371   1405   1406
   1372   1406   1407
   1373   1407   1408
   1374   1408   1409
   1375   1409   1410
   1376   1410   1411
   1377   1411   1412
   1378   1412   1413
   1379   1413   1414
   1380   1414   1415
   1381   1415   1416
   1382   1416   1417
   1383   1417   1418
   1384   1418   1419
   1385   1419   1420
   1386   1420   1421
   1387   1421   1422
   1388   1422   1423
   1389   1423   1424
   1390   1424   1425
   1391   1425   1426
   1392   1426   1427
   1393   1427   1428
   1394   1428   1429
   1395   1429   1430
   1396   1430   1431
   1397   1431   1432
   1398   1432   1433
   1399   1433   1434
   1400   1436   1435
   1401   1437   1436
   1402   1438   1437
   1403   1439   1438
   1404   1440   1439
   1405   1441   1440
   1406   1442   1441
   1407   1443   1442
   1408   1444   1443
   1409   1445   1444
   1410   1446   1445
   1411   1447   1446
   1412   1448   1447
   1413   1449   1448
   1414   1450   1449
   1415   1451   1450
   1416   1452   1451
   1417   1453   1452
   1418   1454   1453
   1419   1455   1454
   1420   1456   1455
   1421   1457   1456
   1422   1458   1457
   1423   1459   1458
   1424   1460   1459
   1425   1461   1460
   1426   1462   1461
   1427   1463   1462
   1428   1464   1463
   1429   1465   1464
   1430   1466   1465
   1431   1467   1466
   1432   1468   1467
   1433   1469   1468
   1434   1470   1469
   1435   1471   1470
   1436   1472   1471
   1437   1473   1472
   1438   1474   1473
   1439   1475   1474
   1440   1476   1477
   1441   1477   1478
   1442   1478   1479
   1443   1479   1480
   1444   1480   1481
   1445   1481   1482
   1446   1482   1483
   1447   1483   1484
   1448   1484   1485
   1449   1485   1486
   1450   1486   1487
   1451   1487   1488
   1452   1488   1489
   1453   1489   1490
   1454   1490   1491
   1455   1491   1492
   1456   1492   1493
   1457   1493   1494
   1458   1494   1495
   1459   1495   1496
   1460   1496   1497
   1461   1497   1498
   1462   1498   1499
   1463   1499   1500
   1464   1500   1501
   1465   1501   1502
   1466   1502   1503
   1467   1503   1504
   1468   1504   1505
   1469   1505   1506
   1470   1506   1507
   1471   1507   1508
   1472   1508   1509
   1473   1509   1510
   1474   1510   1511
   1475   1511   1512
   1476   1512   1513
   1477   1513   1514
   1478   1514   1515
   1479   1515   1516
   1480   1518   1517
   1481   1519   1518
   1482   1520   1519
   1483   1521   1520
   1484   1522   1521
   1485   1523   1522
   1486   1524   1523
   1487   1525   1524
   1488   1526   1525
   1489   1527   1526
   1490   1528   1527
   1491   1529   1528
   1492   1530   1529
   1493   1531   1530
   1494   1532   1531
   1495   1533   1532
   1496   1534   1533
   1497   1535   1534
   1498   1536   1535
   1499   1537   1536
   1500   1538   1537
   1501   1539   1538
   1502   1540   1539
   1503   1541   1540
   1504   1542   1541
   1505   1543   1542
   1506   1544   1543
   1507   1545   1544
   1508   1546   1545
   1509   1547   1546
   1510   1548   1547
   1511   1549   1548
   1512   1550   1549
   1513   1551   1550
   1514   1552   1551
   1515   1553   1552
   1516   1554   1553
   1517   1555   1554
   1518   1556   1555
   1519   1557   1556
   1520   1558   1559
   1521   1559   1560
   1522   1560   1561
   1523   1561   1562
   1524   1562   1563
   1525   1563   1564
   1526   1564   1565
   1527   1565   1566
   1528   1566   1567
   1529   1567   1568
   1530   1568   1569
   1531   1569   1570
   1532   1570   1571
   1533   1571   1572
   1534   1572   1573
   1535   1573   1574
   1536   1574   1575
   1537   1575   1576
   1538   1576   1577
   1539   1577   1578
   1540   1578   1579
   1541   1579   1580
   1542   1580   1581
   1543   1581   1582
   1544   1582   1583
   1545   1583   1584
   1546   1584   1585
   1547   1585   1586
   1548   1586   1587
   1549   1587   1588
   1550   1588   1589
   1551   1589   1590
   1552   1590   1591
   1553   1591   1592
   1554   1592   1593
   1555   1593   1594
   1556   1594   1595
   1557   1595   1596
   1558   1596   1597
   1559   1597   1598
   1560   1600   1599
   1561   1601   1600
   1562   1602   1601
   1563   1603   1602
   1564   1604   1603
   1565   1605   1604
   1566   1606   1605
   1567   1607   1606
   1568   1608   1607
   1569   1609   1608
   1570   1610   1609
   1571   1611   1610
   1572   1612   1611
   1573   1613   1612
   1574   1614   1613
   1575   1615   1614
   1576   1616   1615
   1577   1617   1616
   1578   1618   1617
   1579   1619   1618
   1580   1620   1619
   1581   1621   1620
   1582   1622   1621
   1583   1623   1622
   1584   1624   1623
   1585   1625   1624
   1586   1626   1625
   1587   1627   1626
   1588   1628   1627
   1589   1629   1628
   1590   1630   1629
   1591   1631   1630
   1592   1632   1631
   1593   1633   1632
   1594   1634   1633
   1595   1635   1634
   1596   1636   1635
   1597   1637   1636
   1598   1638   1637
   1599   1639   1638
   1600   1640   1641
   1601   1641   1642
   1602   1642   1643
   1603   1643   1644
   1604   1644   1645
   1605   1645   1646
   1606   1646   1647
   1607   1647   1648
   1608   1648   1649
   1609   1649   1650
   1610   1650   1651
   1611   1651   1652
   1612   1652   1653
   1613   1653   1654
   1614   1654   1655
   1615   1655   1656
   1616   1656   1657
   1617   1657   1658
   1618   1658   1659
   1619   1659   1660
   1620   1660   1661
   1621   1661   1662
   1622   1662   1663
   1623   1663   1664
   1624   1664   1665
   1625   1665   1666
   1626   1666   1667
   1627   1667   1668
   1628   1668   1669
   1629   1669   1670
   1630   1670   1671
   1631   1671   1672
   1632   1672   1673
   1633   1673   1674
   1634   1674   1675
   1635   1675   1676
   1636   1676   1677
   1637   1677   1678
   1638   1678   1679
   1639   1679   1680
   1640     41      0
   1641      1     42
   1642     43      2
   1643      3     44
   1644     45      4
   1645      5     46
   1646     47      6
   1647      7     48
   1648     49      8
   1649      9     50
   1650     51     10
   1651     11     52
   1652     53     12
   1653     13     54
   1654     55     14
   1655     15     56
   1656     57     16
   1657     17     58
   1658     59     18
   1659     19     60
   1660     61     20
   1661     21     62
   1662     63     22
   1663     23     64
   1664     65     24
   1665     25     66
   1666     67     26
   1667     27     68
   1668     69     28
   1669     29     70
   1670     71     30
   1671     31     72
   1672     73     32
   1673     33     74
   1674     75     34
   1675     35     76
   1676     77     36
   1677     37     78
   1678     79     38
   1679     39     80
   1680     81     40
   1681     82     41
   1682     42     83
   1683     84     43
   1684     44     85
   1685     86     45
   1686     46     87
   1687     88     47
   1688     48     89
   1689     90     49
   1690     50     91
   1691     92     51
   1692     52     93
   1693     94     53
   1694     54     95
   1695     96     55
   1696     56     97
   1697     98     57
   1698     58     99
   1699    100     59
   1700     60    101
   1701    102     61
   1702     62    103
   1703    104     63
   1704     64    105
   1705    106     65
   1706     66    107
   1707    108     67
   1708     68    109
   1709    110     69
   1710     70    111
   1711    112     71
   1712     72    113
   1713    114     73
   1714     74    115
   1715    116     75
   1716     76    117
   1717    118     77
   1718     78    119
   1719    120     79
   1720     80    121
   1721    122     81
   1722    123     82
   1723     83    124
   1724    125     84
   1725     85    126
   1726    127     86
   1727     87    128
   1728    129     88
   1729     89    130
   1730    131     90
   1731     91    132
   1732    133     92
   1733     93    134
   1734    135     94
   1735     95    136
   1736    137     96
   1737     97    138
   1738    139     98
   1739     99    140
   1740    141    100
   1741    101    142
   1742    143    102
   1743    103    144
   1744    145    104
   1745    105    146
   1746    147    106
   1747    107    148
   1748    149    108
   1749    109    150
   1750    151    110
   1751    111    152
   1752    153    112
   1753    113    154
   1754    155    114
   1755    115    156
   1756    157    116
   1757    117    158
   1758    159    118
   1759    119    160
   1760    161    120
   1761    121    162
   1762    163    122
   1763    164    123
   1764    124    165
   1765    166    125
   1766    126    167
   1767    168    127
   1768    128    169
   1769    170    129
   1770    130    171
   1771    172    131
   1772    132    173
   1773    174    133
   1774    134    175
   1775    176    135
   1776    136    177
   1777    178    137
   1778    138    179
   1779    180    139
   1780    140    181
   1781    182    141
   1782    142    183
   1783    184    143
   1784    144    185
   1785    186    145
   1786    146    187
   1787    188    147
   1788    148    189
   1789    190    149
   1790    150    191
   1791    192    151
   1792    152    193
   1793    194    153
   1794    154    195
   1795    196    155
   1796    156    197
   1797    198    157
   1798    158    199
   1799    200    159
   1800    160    201
   1801    202    161
   1802    162    203
   1803    204    163
   1804    205    164
   1805    165    206
   1806    207    166
   1807    167    208
   1808    209    168
   1809    169    210
   1810    211    170
   1811    171    212
   1812    213    172
   1813    173    214
   1814    215    174
   1815    175    216
   1816    217    176
   1817    177    218
   1818    219    178
   1819    179    220
   1820    221    180
   1821    181    222
   1822    223    182
   1823    183    224
   1824    225    184
   1825    185    226
   1826    227    186
   1827    187    228
   1828    229    188
   1829    189    230
   1830    231    190
   1831    191    232
   1832    233    192
   1833    193    234
   1834    235    194
   1835    195    236
   1836    237    196
   1837    197    238
   1838    239    198
   1839    199    240
   1840    241    200
   1841    201    242
   1842    243    202
   1843    203    244
   1844    245    204
   1845    246    205
   1846    206    247
   1847    248    207
   1848    208    249
   1849    250    209
   1850    210    251
   1851    252    211
   1852    212    253
   1853    254    213
   1854    214    255
   1855    256    215
   1856    216    257
   1857    258    217
   1858    218    259
   1859    260    219
   1860    220    261
   1861    262    221
   1862    222    263
   1863    264    223
   1864    224    265
   1865    266    225
   1866    226    267
   1867    268    227
   1868    228    269
   1869    270    229
   1870    230    271
   1871    272    231
   1872    232    273
   1873    274    233
   1874    234    275
   1875    276    235
   1876    236    277
   1877    278    237
   1878    238    279
   1879    280    239
   1880    240    281
   1881    282    241
   1882    242    283
   1883    284    243
   1884    244    285
   1885    286    245
   1886    287    246
   1887    247    288
   1888    289    248
   1889    249    290
   1890    291    250
   1891    251    292
   1892    293    252
   1893    253    294
   1894    295    254
   1895    255    296
   1896    297    256
   1897    257    298
   1898    299    258
   1899    259    300
   1900    301    260
   1901    261    302
   1902    303    262
   1903    263    304
   1904    305    264
   1905    265    306
   1906    307    266
   1907    267    308
   1908    309    268
   1909    269    310
   1910    311    270
   1911    271    312
   1912    313    272
   1913    273    314
   1914    315    274
   1915    275    316
   1916    317    276
   1917    277    318
   1918    319    278
   1919    279    320
   1920    321    280
   1921    281    322
   1922    323    282
   1923    283    324
   1924    325    284
   1925    285    326
   1926    327    286
   1927    328    287
   1928    288    329
   1929    330    289
   1930    290    331
   1931    332    291
   1932    292    333
   1933    334    293
   1934    294    335
   1935    336    295
   1936    296    337
   1937    338    297
   1938    298    339
   1939    340    299
   1940    300    341
   1941    342    301
   1942    302    343
   1943    344    303
   1944    304    345
   1945    346    305
   1946    306    347
   1947    348    307
   1948    308    349
   1949    350    309
   1950    310    351
   1951    352    311
   1952    312    353
   1953    354    313
   1954    314    355
   1955    356    315
   1956    316    357
   1957    358    317
   1958    318    359
   1959    360    319
   1960    320    361
   1961    362    321
   1962    322    363
   1963    364    323
   1964    324    365
   1965    366    325
   1966    326    367
   1967    368    327
   1968    369    328
   1969    329    370
   1970    371    330
   1971    331    372
   1972    373    332
   1973    333    374
   1974    375    334
   1975    335    376
   1976    377    336
   1977    337    378
   1978    379    338
   1979    339    380
   1980    381    340
   1981    341    382
   1982    383    342
   1983    343    384
   1984    385    344
   1985    345    386
   1986    387    346
   1987    347    388
   1988    389    348
   1989    349    390
   1990    391    350
   1991    351    392
   1992    393    352
   1993    353    394
   1994    395    354
   1995    355    396
   1996    397    356
   1997    357    398
   1998    399    358
   1999    359    400
   2000    401    360
   2001    361    402
   2002    403    362
   2003    363    404
   2004    405    364
   2005    365    406
   2006    407    366
   2007    367    408
   2008    409    368
   2009    410    369
   2010    370    411
   2011    412    371
   2012    372    413
   2013    414    373
   2014    374    415
   2015    416    375
   2016    376    417
   2017    418    377
   2018    378    419
   2019    420    379
   2020    380    421
   2021    422    381
   2022    382    423
   2023    424    383
   2024    384    425
   2025    426    385
   2026    386    427
   2027    428    387
   2028    388    429
   2029    430    389
   2030    390    431
   2031    432    391
   2032    392    433
   2033    434    393
   2034    394    435
   2035    436    395
   2036    396    437
   2037    438    397
   2038    398    439
   2039    440    399
   2040    400    441
   2041    442    401
   2042    402    443
   2043    444    403
   2044    404    445
   2045    446    405
   2046    406    447
   2047    448    407
   2048    408    449
   2049    450    409
   2050    451    410
   2051    411    452
   2052    453    412
   2053    413    454
   2054    455    414
   2055    415    456
   2056    457    416
   2057    417    458
   2058    459    418
   2059    419    460
   2060    461    420
   2061    421    462
   2062    463    422
   2063    423    464
   2064    465    424
   2065    425    466
   2066    467    426
   2067    427    468
   2068    469    428
   2069    429    470
   2070    471    430
   2071    431    472
   2072    473    432
   2073    433    474
   2074    475    434
   2075    435    476
   2076    477    436
   2077    437    478
   2078    479    438
   2079    439    480
   2080    481    440
   2081    441    482
   2082    483    442
   2083    443    484
   2084    485    444
   2085    445    486
   2086    487    446
   2087    447    488
   2088    489    448
   2089    449    490
   2090    491    450
   2091    492    451
   2092    452    493
   2093    494    453
   2094    454    495
   2095    496    455
   2096    456    497
   2097    498    457
   2098    458    499
   2099    500    459
   2100    460    501
   2101    502    461
   2102    462    503
   2103    504    463
   2104    464    505
   2105    506    465
   2106    466    507
   2107    508    467
   2108    468    509
   2109    510    469
   2110    470    511
   2111    512    471
   2112    472    513
   2113    514    473
   2114    474    515
   2115    516    475
   2116    476    517
   2117    518    477
   2118    478    519
   2119    520    479
   2120    480    521
   2121    522    481
   2122    482    523
   2123    524    483
   2124    484    525
   2125    526    485
   2126    486    527
   2127    528    487
   2128    488    529
   2129    530    489
   2130    490    531
   2131    532    491
   2132    533    492
   2133    493    534
   2134    535    494
   2135    495    536
   2136    537    496
   2137    497    538
   2138    539    498
   2139    499    540
   2140    541    500
   2141    501    542
   2142    543    502
   2143    503    544
   2144    545    504
   2145    505    546
   2146    547    506
   2147    507    548
   2148    549    508
   2149    509    550
   2150    551    510
   2151    511    552
   2152    553    512
   2153    513    554
   2154    555    514
   2155    515    556
   2156    557    516
   2157    517    558
   2158    559    518
   2159    519    560
   2160    561    520
   2161    521    562
   2162    563    522
   2163    523    564
   2164    565    524
   2165    525    566
   2166    567    526
   2167    527    568
   2168    569    528
   2169    529    570
   2170    571    530
   2171    531    572
   2172    573    532
   2173    574    533
   2174    534    575
   2175    576    535
   2176    536    577
   2177    578    537
   2178    538    579
   2179    580    539
   2180    540    581
   2181    582    541
   2182    542    583
   2183    584    543
   2184    544    585
   2185    586    545
   2186    546    587
   2187    588    547
   2188    548    589
   2189    590    549
   2190    550    591
   2191    592    551
   2192    552    593
   2193    594    553
   2194    554    595
   2195    596    555
   2196    556    597
   2197    598    557
   2198    558    599
   2199    600    559
   2200    560    601
   2201    602    561
   2202    562    603
   2203    604    563
   2204    564    605
   2205    606    565
   2206    566    607
   2207    608    567
   2208    568    609
   2209    610    569
   2210    570    611
   2211    612    571
   2212    572    613
   2213    614    573
   2214    615    574
   2215    575    616
   2216    617    576
   2217    577    618
   2218    619    578
   2219    579    620
   2220    621    580
   2221    581    622
   2222    623    582
   2223    583    624
   2224    625    584
   2225    585    626
   2226    627    586
   2227    587    628
   2228    629    588
   2229    589    630
   2230    631    590
   2231    591    632
   2232    633    592
   2233    593    634
   2234    635    594
   2235    595    636
   2236    637    596
   2237    597    638
   2238    639    598
   2239    599    640
   2240    641    600
   2241    601    642
   2242    643    602
   2243    603    644
   2244    645    604
   2245    605    646
   2246    647    606
   2247    607    648
   2248    649    608
   2249    609    650
   2250    651    610
   2251    611    652
   2252    653    612
   2253    613    654
   2254    655    614
   2255    656    615
   2256    616    657
   2257    658    617
   2258    618    659
   2259    660    619
   2260    620    661
   2261    662    621
   2262    622    663
   2263    664    623
   2264    624    665
   2265    666    625
   2266    626    667
   2267    668    627
   2268    628    669
   2269    670    629
   2270    630    671
   2271    672    631
   2272    632    673
   2273    674    633
   2274    634    675
   2275    676    635
   2276    636    677
   2277    678    637
   2278    638    679
   2279    680    639
   2280    640    681
   2281    682    641
   2282    642    683
   2283    684    643
   2284    644    685
   2285    686    645
   2286    646    687
   2287    688    647
   2288    648    689
   2289    690    649
   2290    650    691
   2291    692    651
   2292    652    693
   2293    694    653
   2294    654    695
   2295    696    655
   2296    697    656
   2297    657    698
   2298    699    658
   2299    659    700
   2300    701    660
   2301    661    702
   2302    703    662
   2303    663    704
   2304    705    664
   2305    665    706
   2306    707    666
   2307    667    708
   2308    709    668
   2309    669    710
   2310    711    670
   2311    671    712
   2312    713    672
   2313    673    714
   2314    715    674
   2315    675    716
   2316    717    676
   2317    677    718
   2318    719    678
   2319    679    720
   2320    721    680
   2321    681    722
   2322    723    682
   2323    683    724
   2324    725    684
   2325    685    726
   2326    727    686
   2327    687    728
   2328    729    688
   2329    689    730
   2330    731    690
   2331    691    732
   2332    733    692
   2333    693    734
   2334    735    694
   2335    695    736
   2336    737    696
   2337    738    697
   2338    698    739
   2339    740    699
   2340    700    741
   2341    742    701
   2342    702    743
   2343    744    703
   2344    704    745
   2345    746    705
   2346    706    747
   2347    748    707
   2348    708    749
   2349    750    709
   2350    710    751
   2351    752    711
   2352    712    753
   2353    754    713
   2354    714    755
   2355    756    715
   2356    716    757
   2357    758    717
   2358    718    759
   2359    760    719
   2360    720    761
   2361    762    721
   2362    722    763
   2363    764    723
   2364    724    765
   2365    766    725
   2366    726    767
   2367    768    727
   2368    728    769
   2369    770    729
   2370    730    771
   2371    772    731
   2372    732    773
   2373    774    733
   2374    734    775
   2375    776    735
   2376    736    777
   2377    778    737
   2378    779    738
   2379    739    780
   2380    781    740
   2381    741    782
   2382    783    742
   2383    743    784
   2384    785    744
   2385    745    786
   2386    787    746
   2387    747    788
   2388    789    748
   2389    749    790
   2390    791    750
   2391    751    792
   2392    793    752
   2393    753    794
   2394    795    754
   2395    755    796
   2396    797    756
   2397    757    798
   2398    799    758
   2399    759    800
   2400    801    760
   2401    761    802
   2402    803    762
   2403    763    804
   2404    805    764
   2405    765    806
   2406    807    766
   2407    767    808
   2408    809    768
   2409    769    810
   2410    811    770
   2411    771    812
   2412    813    772
   2413    773    814
   2414    815    774
   2415    775    816
   2416    817    776
   2417    777    818
   2418    819    778
   2419    820    779
   2420    780    821
   2421    822    781
   2422    782    823
   2423    824    783
   2424    784    825
   2425    826    785
   2426    786    827
   2427    828    787
   2428    788    829
   2429    830    789
   2430    790    831
   2431    832    791
   2432    792    833
   2433    834    793
   2434    794    835
   2435    836    795
   2436    796    837
   2437    838    797
   2438    798    839
   2439    840    799
   2440    800    841
   2441    842    801
   2442    802    843
   2443    844    803
   2444    804    845
   2445    846    805
   2446    806    847
   2447    848    807
   2448    808    849
   2449    850    809
   2450    810    851
   2451    852    811
   2452    812    853
   2453    854    813
   2454    814    855
   2455    856    815
   2456    816    857
   2457    858    817
   2458    818    859
   2459    860    819
   2460    861    820
   2461    821    862
   2462    863    822
   2463    823    864
   2464    865    824
   2465    825    866
   2466    867    826
   2467    827    868
   2468    869    828
   2469    829    870
   2470    871    830
   2471    831    872
   2472    873    832
   2473    833    874
   2474    875    834
   2475    835    876
   2476    877    836
   2477    837    878
   2478    879    838
   2479    839    880
   2480    881    840
   2481    841    882
   2482    883    842
   2483    843    884
   2484    885    844
   2485    845    886
   2486    887    846
   2487    847    888
   2488    889    848
   2489    849    890
   2490    891    850
   2491    851    892
   2492    893    852
   2493    853    894
   2494    895    854
   2495    855    896
   2496    897    856
   2497    857    898
   2498    899    858
   2499    859    900
   2500    901    860
   2501    902    861
   2502    862    903
   2503    904    863
   2504    864    905
   2505    906    865
   2506    866    907
   2507    908    867
   2508    868    909
   2509    910    869
   2510    870    911
   2511    912    871
   2512    872    913
   2513    914    873
   2514    874    915
   2515    916    875
   2516    876    917
   2517    918    877
   2518    878    919
   2519    920    879
   2520    880    921
   2521    922    881
   2522    882    923
   2523    924    883
   2524    884    925
   2525    926    885
   2526    886    927
   2527    928    887
   2528    888    929
   2529    930    889
   2530    890    931
   2531    932    891
   2532    892    933
   2533    934    893
   2534    894    935
   2535    936    895
   2536    896    937
   2537    938    897
   2538    898    939
   2539    940    899
   2540    900    941
   2541    942    901
   2542    943    902
   2543    903    944
   2544    945    904
   2545    905    946
   2546    947    906
   2547    907    948
   2548    949    908
   2549    909    950
   2550    951    910
   2551    911    952
   2552    953    912
   2553    913    954
   2554    955    914
   2555    915    956
   2556    957    916
   2557    917    958
   2558    959    918
   2559    919    960
   2560    961    920
   2561    921    962
   2562    963    922
   2563    923    964
   2564    965    924
   2565    925    966
   2566    967    926
   2567    927    968
   2568    969    928
   2569    929    970
   2570    971    930
   2571    931    972
   2572    973    932
   2573    933    974
   2574    975    934
   2575    935    976
   2576    977    936
   2577    937    978
   2578    979    938
   2579    939    980
   2580    981    940
   2581    941    982
   2582    983    942
   2583    984    943
   2584    944    985
   2585    986    945
   2586    946    987
   2587    988    947
   2588    948    989
   2589    990    949
   2590    950    991
   2591    992    951
   2592    952    993
   2593    994    953
   2594    954    995
   2595    996    955
   2596    956    997
   2597    998    957
   2598    958    999
   2599   1000    959
   2600    960   1001
   2601   1002    961
   2602    962   1003
   2603   1004    963
   2604    964   1005
   2605   1006    965
   2606    966   1007
   2607   1008    967
   2608    968   1009
   2609   1010    969
   2610    970   1011
   2611   1012    971
   2612    972   1013
   2613   1014    973
   2614    974   1015
   2615   1016    975
   2616    976   1017
   2617   1018    977
   2618    978   1019
   2619   1020    979
   2620    980   1021
   2621   1022    981
   2622    982   1023
   2623   1024    983
   2624   1025    984
   2625    985   1026
   2626   1027    986
   2627    987   1028
   2628   1029    988
   2629    989   1030
   2630   1031    990
   2631    991   1032
   2632   1033    992
   2633    993   1034
   2634   1035    994
   2635    995   1036
   2636   1037    996
   2637    997   1038
   2638   1039    998
   2639    999   1040
   2640   1041   1000
   2641   1001   1042
   2642   1043   1002
   2643   1003   1044
   2644   1045   1004
   2645   1005   1046
   2646   1047   1006
   2647   1007   1048
   2648   1049   1008
   2649   1009   1050
   2650   1051   1010
   2651   1011   1052
   2652   1053   1012
   2653   1013   1054
   2654   1055   1014
   2655   1015   1056
   2656   1057   1016
   2657   1017   1058
   2658   1059   1018
   2659   1019   1060
   2660   1061   1020
   2661   1021   1062
   2662   1063   1022
   2663   1023   1064
   2664   1065   1024
   2665   1066   1025
   2666   1026   1067
   2667   1068   1027
   2668   1028   1069
   2669   1070   1029
   2670   1030   1071
   2671   1072   1031
   2672   1032   1073
   2673   1074   1033
   2674   1034   1075
   2675   1076   1035
   2676   1036   1077
   2677   1078   1037
   2678   1038   1079
   2679   1080   1039
   2680   1040   1081
   2681   1082   1041
   2682   1042   1083
   2683   1084   1043
   2684   1044   1085
   2685   1086   1045
   2686   1046   1087
   2687   1088   1047
   2688   1048   1089
   2689   1090   1049
   2690   1050   1091
   2691   1092   1051
   2692   1052   1093
   2693   1094   1053
   2694   1054   1095
   2695   1096   1055
   2696   1056   1097
   2697   1098   1057
   2698   1058   1099
   2699   1100   1059
   2700   1060   1101
   2701   1102   1061
   2702   1062   1103
   2703   1104   1063
   2704   1064   1105
   2705   1106   1065
   2706   1107   1066
   2707   1067   1108
   2708   1109   1068
   2709   1069   1110
   2710   1111   1070
   2711   1071   1112
   2712   1113   1072
   2713   1073   1114
   2714   1115   1074
   2715   1075   1116
   2716   1117   1076
   2717   1077   1118
   2718   1119   1078
   2719   1079   1120
   2720   1121   1080
   2721   1081   1122
   2722   1123   1082
   2723   1083   1124
   2724   1125   1084
   2725   1085   1126
   2726   1127   1086
   2727   1087   1128
   2728   1129   1088
   2729   1089   1130
   2730   1131   1090
   2731   1091   1132
   2732   1133   1092
   2733   1093   1134
   2734   1135   1094
   2735   1095   1136
   2736   1137   1096
   2737   1097   1138
   2738   1139   1098
   2739   1099   1140
   2740   1141   1100
   2741   1101   1142
   2742   1143   1102
   2743   1103   1144
   2744   1145   1104
   2745   1105   1146
   2746   1147   1106
   2747   1148   1107
   2748   1108   1149
   2749   1150   1109
   2750   1110   1151
   2751   1152   1111
   2752   1112   1153
   2753   1154   1113
   2754   1114   1155
   2755   1156   1115
   2756   1116   1157
   2757   1158   1117
   2758   1118   1159
   2759   1160   1119
   2760   1120   1161
   2761   1162   1121
   2762   1122   1163
   2763   1164   1123
   2764   1124   1165
   2765   1166   1125
   2766   1126   1167
   2767   1168   1127
   2768   1128   1169
   2769   1170   1129
   2770   1130   1171
   2771   1172   1131
   2772   1132   1173
   2773   1174   1133
   2774   1134   1175
   2775   1176   1135
   2776   1136   1177
   2777   1178   1137
   2778   1138   1179
   2779   1180   1139
   2780   1140   1181
   2781   1182   1141
   2782   1142   1183
   2783   1184   1143
   2784   1144   1185
   2785   1186   1145
   2786   1146   1187
   2787   1188   1147
   2788   1189   1148
   2789   1149   1190
   2790   1191   1150
   2791   1151   1192
   2792   1193   1152
   2793   1153   1194
   2794   1195   1154
   2795   1155   1196
   2796   1197   1156
   2797   1157   1198
   2798   1199   1158
   2799   1159   1200
   2800   1201   1160
   2801   1161   1202
   2802   1203   1162
   2803   1163   1204
   2804   1205   1164
   2805   1165   1206
   2806   1207   1166
   2807   1167   1208
   2808   1209   1168
   2809   1169   1210
   2810   1211   1170
   2811   1171   1212
   2812   1213   1172
   2813   1173   1214
   2814   1215   1174
   2815   1175   1216
   2816   1217   1176
   2817   1177   1218
   2818   1219   1178
   2819   1179   1220
   2820   1221   1180
   2821   1181   1222
   2822   1223   1182
   2823   1183   1224
   2824   1225   1184
   2825   1185   1226
   2826   1227   1186
   2827   1187   1228
   2828   1229   1188
   2829   1230   1189
   2830   1190   1231
   2831   1232   1191
   2832   1192   1233
   2833   1234   1193
   2834   1194   1235
   2835   1236   1195
   2836   1196   1237
   2837   1238   1197
   2838   1198   1239
   2839   1240   1199
   2840   1200   1241
   2841   1242   1201
   2842   1202   1243
   2843   1244   1203
   2844   1204   1245
   2845   1246   1205
   2846   1206   1247
   2847   1248   1207
   2848   1208   1249
   2849   1250   1209
   2850   1210   1251
   2851   1252   1211
   2852   1212   1253
   2853   1254   1213
   2854   1214   1255
   2855   1256   1215
   2856   1216   1257
   2857   1258   1217
   2858   1218   1259
   2859   1260   1219
   2860   1220   1261
   2861   1262   1221
   2862   1222   1263
   2863   1264   1223
   2864   1224   1265
   2865   1266   1225
   2866   1226   1267
   2867   1268   1227
   2868   1228   1269
   2869   1270   1229
   2870   1271   1230
   2871   1231   1272
   2872   1273   1232
   2873   1233   1274
   2874   1275   1234
   2875   1235   1276
   2876   1277   1236
   2877   1237   1278
   2878   1279   1238
   2879   1239   1280
   2880   1281   1240
   2881   1241   1282
   2882   1283   1242
   2883   1243   1284
   2884   1285   1244
   2885   1245   1286
   2886   1287   1246
   2887   1247   1288
   2888   1289   1248
   2889   1249   1290
   2890   1291   1250
   2891   1251   1292
   2892   1293   1252
   2893   1253   1294
   2894   1295   1254
   2895   1255   1296
   2896   1297   1256
   2897   1257   1298
   2898   1299   1258
   2899   1259   1300
   2900   1301   1260
   2901   1261   1302
   2902   1303   1262
   2903   1263   1304
   2904   1305   1264
   2905   1265   1306
   2906   1307   1266
   2907   1267   1308
   2908   1309   1268
   2909   1269   1310
   2910   1311   1270
   2911   1312   1271
   2912   1272   1313
   2913   1314   1273
   2914   1274   1315
   2915   1316   1275
   2916   1276   1317
   2917   1318   1277
   2918   1278   1319
   2919   1320   1279
   2920   1280   1321
   2921   1322   1281
   2922   1282   1323
   2923   1324   1283
   2924   1284   1325
   2925   1326   1285
   2926   1286   1327
   2927   1328   1287
   2928   1288   1329
   2929   1330   1289
   2930   1290   1331
   2931   1332   1291
   2932   1292   1333
   2933   1334   1293
   2934   1294   1335
   2935   1336   1295
   2936   1296   1337
   2937   1338   1297
   2938   1298   1339
   2939   1340   1299
   2940   1300   1341
   2941   1342   1301
   2942   1302   1343
   2943   1344   1303
   2944   1304   1345
   2945   1346   1305
   2946   1306   1347
   2947   1348   1307
   2948   1308   1349
   2949   1350   1309
   2950   1310   1351
   2951   1352   1311
   2952   1353   1312
   2953   1313   1354
   2954   1355   1314
   2955   1315   1356
   2956   1357   1316
   2957   1317   1358
   2958   1359   1318
   2959   1319   1360
   2960   1361   1320
   2961   1321   1362
   2962   1363   1322
   2963   1323   1364
   2964   1365   1324
   2965   1325   1366
   2966   1367   1326
   2967   1327   1368
   2968   1369   1328
   2969   1329   1370
   2970   1371   1330
   2971   1331   1372
   2972   1373   1332
   2973   1333   1374
   2974   1375   1334
   2975   1335   1376
   2976   1377   1336
   2977   1337   1378
   2978   1379   1338
   2979   1339   1380
   2980   1381   1340
   2981   1341   1382
   2982   1383   1342
   2983   1343   1384
   2984   1385   1344
   2985   1345   1386
   2986   1387   1346
   2987   1347   1388
   2988   1389   1348
   2989   1349   1390
   2990   1391   1350
   2991   1351   1392
   2992   1393   1352
   2993   1394   1353
   2994   1354   1395
   2995   1396   1355
   2996   1356   1397
   2997   1398   1357
   2998   1358   1399
   2999   1400   1359
   3000   1360   1401
   3001   1402   1361
   3002   1362   1403
   3003   1404   1363
   3004   1364   1405
   3005   1406   1365
   3006   1366   1407
   3007   1408   1367
   3008   1368   1409
   3009   1410   1369
   3010   1370   1411
   3011   1412   1371
   3012   1372   1413
   3013   1414   1373
   3014   1374   1415
   3015   1416   1375
   3016   1376   1417
   3017   1418   1377
   3018   1378   1419
   3019   1420   1379
   3020   1380   1421
   3021   1422   1381
   3022   1382   1423
   3023   1424   1383
   3024   1384   1425
   3025   1426   1385
   3026   1386   1427
   3027   1428   1387
   3028   1388   1429
   3029   1430   1389
   3030   1390   1431
   3031   1432   1391
   3032   1392   1433
   3033   1434   1393
   3034   1435   1394
   3035   1395   1436
   3036   1437   1396
   3037   1397   1438
   3038   1439   1398
   3039   1399   1440
   3040   1441   1400
   3041   1401   1442
   3042   1443   1402
   3043   1403   1444
   3044   1445   1404
   3045   1405   1446
   3046   1447   1406
   3047   1407   1448
   3048   1449   1408
   3049   1409   1450
   3050   1451   1410
   3051   1411   1452
   3052   1453   1412
   3053   1413   1454
   3054   1455   1414
   3055   1415   1456
   3056   1457   1416
   3057   1417   1458
   3058   1459   1418
   3059   1419   1460
   3060   1461   1420
   3061   1421   1462
   3062   1463   1422
   3063   1423   1464
   3064   1465   1424
   3065   1425   1466
   3066   1467   1426
   3067   1427   1468
   3068   1469   1428
   3069   1429   1470
   3070   1471   1430
   3071   1431   1472
   3072   1473   1432
   3073   1433   1474
   3074   1475   1434
   3075   1476   1435
   3076   1436   1477
   3077   1478   1437
   3078   1438   1479
   3079   1480   1439
   3080   1440   1481
   3081   1482   1441
   3082   1442   1483
   3083   1484   1443
   3084   1444   1485
   3085   1486   1445
   3086   1446   1487
   3087   1488   1447
   3088   1448   1489
   3089   1490   1449
   3090   1450   1491
   3091   1492   1451
   3092   1452   1493
   3093   1494   1453
   3094   1454   1495
   3095   1496   1455
   3096   1456   1497
   3097   1498   1457
   3098   1458   1499
   3099   1500   1459
   3100   1460   1501
   3101   1502   1461
   3102   1462   1503
   3103   1504   1463
   3104   1464   1505
   3105   1506   1465
   3106   1466   1507
   3107   1508   1467
   3108   1468   1509
   3109   1510   1469
   3110   1470   1511
   3111   1512   1471
   3112   1472   1513
   3113   1514   1473
   3114   1474   1515
   3115   1516   1475
   3116   1517   1476
   3117   1477   1518
   3118   1519   1478
   3119   1479   1520
   3120   1521   1480
   3121   1481   1522
   3122   1523   1482
   3123   1483   1524
   3124   1525   1484
   3125   1485   1526
   3126   1527   1486
   3127   1487   1528
   3128   1529   1488
   3129   1489   1530
   3130   1531   1490
   3131   1491   1532
   3132   1533   1492
   3133   1493   1534
   3134   1535   1494
   3135   1495   1536
   3136   1537   1496
   3137   1497   1538
   3138   1539   1498
   3139   1499   1540
   3140   1541   1500
   3141   1501   1542
   3142   1543   1502
   3143   1503   1544
   3144   1545   1504
   3145   1505   1546
   3146   1547   1506
   3147   1507   1548
   3148   1549   1508
   3149   1509   1550
   3150   1551   1510
   3151   1511   1552
   3152   1553   1512
   3153   1513   1554
   3154   1555   1514
   3155   1515   1556
   3156   1557   1516
   3157   1558   1517
   3158   1518   1559
   3159   1560   1519
   3160   1520   1561
   3161   1562   1521
   3162   1522   1563
   3163   1564   1523
   3164   1524   1565
   3165   1566   1525
   3166   1526   1567
   3167   1568   1527
   3168   1528   1569
   3169   1570   1529
   3170   1530   1571
   3171   1572   1531
   3172   1532   1573
   3173   1574   1533
   3174   1534   1575
   3175   1576   1535
   3176   1536   1577
   3177   1578   1537
   3178   1538   1579
   3179   1580   1539
   3180   1540   1581
   3181   1582   1541
   3182   1542   1583
   3183   1584   1543
   3184   1544   1585
   3185   1586   1545
   3186   1546   1587
   3187   1588   1547
   3188   1548   1589
   3189   1590   1549
   3190   1550   1591
   3191   1592   1551
   3192   1552   1593
   3193   1594   1553
   3194   1554   1595
   3195   1596   1555
   3196   1556   1597
   3197   1598   1557
   3198   1599   1558
   3199   1559   1600
   3200   1601   1560
   3201   1561   1602
   3202   1603   1562
   3203   1563   1604
   3204   1605   1564
   3205   1565   1606
   3206   1607   1566
   3207   1567   1608
   3208   1609   1568
   3209   1569   1610
   3210   1611   1570
   3211   1571   1612
   3212   1613   1572
   3213   1573   1614
   3214   1615   1574
   3215   1575   1616
   3216   1617   1576
   3217   1577   1618
   3218   1619   1578
   3219   1579   1620
   3220   1621   1580
   3221   1581   1622
   3222   1623   1582
   3223   1583   1624
   3224   1625   1584
   3225   1585   1626
   3226   1627   1586
   3227   1587   1628
   3228   1629   1588
   3229   1589   1630
   3230   1631   1590
   3231   1591   1632
   3232   1633   1592
   3233   1593   1634
   3234   1635   1594
   3235   1595   1636
   3236   1637   1596
   3237   1597   1638
   3238   1639   1598
   3239   1640   1599
   3240   1600   1641
   3241   1642   1601
   3242   1602   1643
   3243   1644   1603
   3244   1604   1645
   3245   1646   1605
   3246   1606   1647
   3247   1648   1607
   3248   1608   1649
   3249   1650   1609
   3250   1610   1651
   3251   1652   1611
   3252   1612   1653
   3253   1654   1613
   3254   1614   1655
   3255   1656   1615
   3256   1616   1657
   3257   1658   1617
   3258   1618   1659
   3259   1660   1619
   3260   1620   1661
   3261   1662   1621
   3262   1622   1663
   3263   1664   1623
   3264   1624   1665
   3265   1666   1625
   3266   1626   1667
   3267   1668   1627
   3268   1628   1669
   3269   1670   1629
   3270   1630   1671
   3271   1672   1631
   3272   1632   1673
   3273   1674   1633
   3274   1634   1675
   3275   1676   1635
   3276   1636   1677
   3277   1678   1637
   3278   1638   1679
   3279   1680   1639
