[ElemE 0]
vertices:
      0      1     10      9
edges:
      0     73      8     72
DoFs:
    0.663007
    0.539551
    0.539551
   -0.207541
   -0.417533
   -0.207541
  -0.0558492
   -0.168808
   -0.168808
  -0.0558492
   0.0107037
   0.0437731
   0.0648164
   0.0437731
   0.0107037

[ElemE 1]
vertices:
      1      2     11     10
edges:
      1     74      9     73
DoFs:
    0.949566
  0.00946967
  0.00946967
   -0.297247
    -0.59802
   -0.297247
-0.000995359
    -0.00295
    -0.00295
-0.000995359
   0.0152897
   0.0620722
   0.0926497
   0.0620722
   0.0152897

[ElemE 2]
vertices:
      2      3     12     11
edges:
      2     75     10     74
DoFs:
    0.679883
   -0.526158
   -0.526158
   -0.212829
   -0.428195
   -0.212829
   0.0544415
    0.164636
    0.164636
   0.0544415
   0.0109192
   0.0440103
     0.06621
   0.0440103
   0.0109192

[ElemE 3]
vertices:
      3      4     13     12
edges:
      3     76     11     75
DoFs:
   0.0119332
    -0.75357
    -0.75357
 -0.00373889
 -0.00753897
 -0.00373889
   0.0779873
    0.235781
    0.235781
   0.0779873
 0.000152425
 0.000167717
 0.000985438
 0.000167717
 0.000152425

[ElemE 4]
vertices:
      4      5     14     13
edges:
      4     77     12     76
DoFs:
   -0.663007
   -0.539551
   -0.539551
    0.207541
    0.417533
    0.207541
   0.0558492
    0.168808
    0.168808
   0.0558492
  -0.0107037
  -0.0437731
  -0.0648164
  -0.0437731
  -0.0107037

[ElemE 5]
vertices:
      5      6     15     14
edges:
      5     78     13     77
DoFs:
   -0.949566
 -0.00946967
 -0.00946967
    0.297247
     0.59802
    0.297247
 0.000995359
     0.00295
     0.00295
 0.000995359
  -0.0152897
  -0.0620722
  -0.0926497
  -0.0620722
  -0.0152897

[ElemE 6]
vertices:
      6      7     16     15
edges:
      6     79     14     78
DoFs:
   -0.679883
    0.526158
    0.526158
    0.212829
    0.428195
    0.212829
  -0.0544415
   -0.164636
   -0.164636
  -0.0544415
  -0.0109192
  -0.0440103
    -0.06621
  -0.0440103
  -0.0109192

[ElemE 7]
vertices:
      7      8     17     16
edges:
      7     80     15     79
DoFs:
  -0.0119332
     0.75357
     0.75357
  0.00373889
  0.00753897
  0.00373889
  -0.0779873
   -0.235781
   -0.235781
  -0.0779873
-0.000152425
-0.000167717
-0.000985438
-0.000167717
-0.000152425

[ElemE 8]
vertices:
      9     10     19     18
edges:
      8     82     16     81
DoFs:
    0.949566
  0.00946967
  0.00946967
   -0.297247
    -0.59802
   -0.297247
-0.000995359
    -0.00295
    -0.00295
-0.000995359
   0.0152897
   0.0620722
   0.0926497
   0.0620722
   0.0152897

[ElemE 9]
vertices:
     10     11     20     19
edges:
      9     83     17     82
DoFs:
    0.679883
   -0.526158
   -0.526158
   -0.212829
   -0.428195
   -0.212829
   0.0544415
    0.164636
    0.164636
   0.0544415
   0.0109192
   0.0440103
     0.06621
   0.0440103
   0.0109192

[ElemE 10]
vertices:
     11     12     21     20
edges:
     10     84     18     83
DoFs:
   0.0119332
    -0.75357
    -0.75357
 -0.00373889
 -0.00753897
 -0.00373889
   0.0779873
    0.235781
    0.235781
   0.0779873
 0.000152425
 0.000167717
 0.000985438
 0.000167717
 0.000152425

[ElemE 11]
vertices:
     12     13     22     21
edges:
     11     85     19     84
DoFs:
   -0.663007
   -0.539551
   -0.539551
    0.207541
    0.417533
    0.207541
   0.0558492
    0.168808
    0.168808
   0.0558492
  -0.0107037
  -0.0437731
  -0.0648164
  -0.0437731
  -0.0107037

[ElemE 12]
vertices:
     13     14     23     22
edges:
     12     86     20     85
DoFs:
   -0.949566
 -0.00946967
 -0.00946967
    0.297247
     0.59802
    0.297247
 0.000995359
     0.00295
     0.00295
 0.000995359
  -0.0152897
  -0.0620722
  -0.0926497
  -0.0620722
  -0.0152897

[ElemE 13]
vertices:
     14     15     24     23
edges:
     13     87     21     86
DoFs:
   -0.679883
    0.526158
    0.526158
    0.212829
    0.428195
    0.212829
  -0.0544415
   -0.164636
   -0.164636
  -0.0544415
  -0.0109192
  -0.0440103
    -0.06621
  -0.0440103
  -0.0109192

[ElemE 14]
vertices:
     15     16     25     24
edges:
     14     88     22     87
DoFs:
  -0.0119332
     0.75357
     0.75357
  0.00373889
  0.00753897
  0.00373889
  -0.0779873
   -0.235781
   -0.235781
  -0.0779873
-0.000152425
-0.000167717
-0.000985438
-0.000167717
-0.000152425

[ElemE 15]
vertices:
     16     17     26     25
edges:
     15     89     23     88
DoFs:
    0.663007
    0.539551
    0.539551
   -0.207541
   -0.417533
   -0.207541
  -0.0558492
   -0.168808
   -0.168808
  -0.0558492
   0.0107037
   0.0437731
   0.0648164
   0.0437731
   0.0107037

[ElemE 16]
vertices:
     18     19     28     27
edges:
     16     91     24     90
DoFs:
    0.679883
   -0.526158
   -0.526158
   -0.212829
   -0.428195
   -0.212829
   0.0544415
    0.164636
    0.164636
   0.0544415
   0.0109192
   0.0440103
     0.06621
   0.0440103
   0.0109192

[ElemE 17]
vertices:
     19     20     29     28
edges:
     17     92     25     91
DoFs:
   0.0119332
    -0.75357
    -0.75357
 -0.00373889
 -0.00753897
 -0.00373889
   0.0779873
    0.235781
    0.235781
   0.0779873
 0.000152425
 0.000167717
 0.000985438
 0.000167717
 0.000152425

[ElemE 18]
vertices:
     20     21     30     29
edges:
     18     93     26     92
DoFs:
   -0.663007
   -0.539551
   -0.539551
    0.207541
    0.417533
    0.207541
   0.0558492
    0.168808
    0.168808
   0.0558492
  -0.0107037
  -0.0437731
  -0.0648164
  -0.0437731
  -0.0107037

[ElemE 19]
vertices:
     21     22     31     30
edges:
     19     94     27     93
DoFs:
   -0.949566
 -0.00946967
 -0.00946967
    0.297247
     0.59802
    0.297247
 0.000995359
     0.00295
     0.00295
 0.000995359
  -0.0152897
  -0.0620722
  -0.0926497
  -0.0620722
  -0.0152897

[ElemE 20]
vertices:
     22     23     32     31
edges:
     20     95     28     94
DoFs:
   -0.679883
    0.526158
    0.526158
    0.212829
    0.428195
    0.212829
  -0.0544415
   -0.164636
   -0.164636
  -0.0544415
  -0.0109192
  -0.0440103
    -0.06621
  -0.0440103
  -0.0109192

[ElemE 21]
vertices:
     23     24     33     32
edges:
     21     96     29     95
DoFs:
  -0.0119332
     0.75357
     0.75357
  0.00373889
  0.00753897
  0.00373889
  -0.0779873
   -0.235781
   -0.235781
  -0.0779873
-0.000152425
-0.000167717
-0.000985438
-0.000167717
-0.000152425

[ElemE 22]
vertices:
     24     25     34     33
edges:
     22     97     30     96
DoFs:
    0.663007
    0.539551
    0.539551
   -0.207541
   -0.417533
   -0.207541
  -0.0558492
   -0.168808
   -0.168808
  -0.0558492
   0.0107037
   0.0437731
   0.0648164
   0.0437731
   0.0107037

[ElemE 23]
vertices:
     25     26     35     34
edges:
     23     98     31     97
DoFs:
    0.949566
  0.00946967
  0.00946967
   -0.297247
    -0.59802
   -0.297247
-0.000995359
    -0.00295
    -0.00295
-0.000995359
   0.0152897
   0.0620722
   0.0926497
   0.0620722
   0.0152897

[ElemE 24]
vertices:
     27     28     37     36
edges:
     24    100     32     99
DoFs:
   0.0119332
    -0.75357
    -0.75357
 -0.00373889
 -0.00753897
 -0.00373889
   0.0779873
    0.235781
    0.235781
   0.0779873
 0.000152425
 0.000167717
 0.000985438
 0.000167717
 0.000152425

[ElemE 25]
vertices:
     28     29     38     37
edges:
     25    101     33    100
DoFs:
   -0.663007
   -0.539551
   -0.539551
    0.207541
    0.417533
    0.207541
   0.0558492
    0.168808
    0.168808
   0.0558492
  -0.0107037
  -0.0437731
  -0.0648164
  -0.0437731
  -0.0107037

[ElemE 26]
vertices:
     29     30     39     38
edges:
     26    102     34    101
DoFs:
   -0.949566
 -0.00946967
 -0.00946967
    0.297247
     0.59802
    0.297247
 0.000995359
     0.00295
     0.00295
 0.000995359
  -0.0152897
  -0.0620722
  -0.0926497
  -0.0620722
  -0.0152897

[ElemE 27]
vertices:
     30     31     40     39
edges:
     27    103     35    102
DoFs:
   -0.679883
    0.526158
    0.526158
    0.212829
    0.428195
    0.212829
  -0.0544415
   -0.164636
   -0.164636
  -0.0544415
  -0.0109192
  -0.0440103
    -0.06621
  -0.0440103
  -0.0109192

[ElemE 28]
vertices:
     31     32     41     40
edges:
     28    104     36    103
DoFs:
  -0.0119332
     0.75357
     0.75357
  0.00373889
  0.00753897
  0.00373889
  -0.0779873
   -0.235781
   -0.235781
  -0.0779873
-0.000152425
-0.000167717
-0.000985438
-0.000167717
-0.000152425

[ElemE 29]
vertices:
     32     33     42     41
edges:
     29    105     37    104
DoFs:
    0.663007
    0.539551
    0.539551
   -0.207541
   -0.417533
   -0.207541
  -0.0558492
   -0.168808
   -0.168808
  -0.0558492
   0.0107037
   0.0437731
   0.0648164
   0.0437731
   0.0107037

[ElemE 30]
vertices:
     33     34     43     42
edges:
     30    106     38    105
DoFs:
    0.949566
  0.00946967
  0.00946967
   -0.297247
    -0.59802
   -0.297247
-0.000995359
    -0.00295
    -0.00295
-0.000995359
   0.0152897
   0.0620722
   0.0926497
   0.0620722
   0.0152897

[ElemE 31]
vertices:
     34     35     44     43
edges:
     31    107     39    106
DoFs:
    0.679883
   -0.526158
   -0.526158
   -0.212829
   -0.428195
   -0.212829
   0.0544415
    0.164636
    0.164636
   0.0544415
   0.0109192
   0.0440103
     0.06621
   0.0440103
   0.0109192

[ElemE 32]
vertices:
     36     37     46     45
edges:
     32    109     40    108
DoFs:
   -0.663007
   -0.539551
   -0.539551
    0.207541
    0.417533
    0.207541
   0.0558492
    0.168808
    0.168808
   0.0558492
  -0.0107037
  -0.0437731
  -0.0648164
  -0.0437731
  -0.0107037

[ElemE 33]
vertices:
     37     38     47     46
edges:
     33    110     41    109
DoFs:
   -0.949566
 -0.00946967
 -0.00946967
    0.297247
     0.59802
    0.297247
 0.000995359
     0.00295
     0.00295
 0.000995359
  -0.0152897
  -0.0620722
  -0.0926497
  -0.0620722
  -0.0152897

[ElemE 34]
vertices:
     38     39     48     47
edges:
     34    111     42    110
DoFs:
   -0.679883
    0.526158
    0.526158
    0.212829
    0.428195
    0.212829
  -0.0544415
   -0.164636
   -0.164636
  -0.0544415
  -0.0109192
  -0.0440103
    -0.06621
  -0.0440103
  -0.0109192

[ElemE 35]
vertices:
     39     40     49     48
edges:
     35    112     43    111
DoFs:
  -0.0119332
     0.75357
     0.75357
  0.00373889
  0.00753897
  0.00373889
  -0.0779873
   -0.235781
   -0.235781
  -0.0779873
-0.000152425
-0.000167717
-0.000985438
-0.000167717
-0.000152425

[ElemE 36]
vertices:
     40     41     50     49
edges:
     36    113     44    112
DoFs:
    0.663007
    0.539551
    0.539551
   -0.207541
   -0.417533
   -0.207541
  -0.0558492
   -0.168808
   -0.168808
  -0.0558492
   0.0107037
   0.0437731
   0.0648164
   0.0437731
   0.0107037

[ElemE 37]
vertices:
     41     42     51     50
edges:
     37    114     45    113
DoFs:
    0.949566
  0.00946967
  0.00946967
   -0.297247
    -0.59802
   -0.297247
-0.000995359
    -0.00295
    -0.00295
-0.000995359
   0.0152897
   0.0620722
   0.0926497
   0.0620722
   0.0152897

[ElemE 38]
vertices:
     42     43     52     51
edges:
     38    115     46    114
DoFs:
    0.679883
   -0.526158
   -0.526158
   -0.212829
   -0.428195
   -0.212829
   0.0544415
    0.164636
    0.164636
   0.0544415
   0.0109192
   0.0440103
     0.06621
   0.0440103
   0.0109192

[ElemE 39]
vertices:
     43     44     53     52
edges:
     39    116     47    115
DoFs:
   0.0119332
    -0.75357
    -0.75357
 -0.00373889
 -0.00753897
 -0.00373889
   0.0779873
    0.235781
    0.235781
   0.0779873
 0.000152425
 0.000167717
 0.000985438
 0.000167717
 0.000152425

[ElemE 40]
vertices:
     45     46     55     54
edges:
     40    118     48    117
DoFs:
   -0.949566
 -0.00946967
 -0.00946967
    0.297247
     0.59802
    0.297247
 0.000995359
     0.00295
     0.00295
 0.000995359
  -0.0152897
  -0.0620722
  -0.0926497
  -0.0620722
  -0.0152897

[ElemE 41]
vertices:
     46     47     56     55
edges:
     41    119     49    118
DoFs:
   -0.679883
    0.526158
    0.526158
    0.212829
    0.428195
    0.212829
  -0.0544415
   -0.164636
   -0.164636
  -0.0544415
  -0.0109192
  -0.0440103
    -0.06621
  -0.0440103
  -0.0109192

[ElemE 42]
vertices:
     47     48     57     56
edges:
     42    120     50    119
DoFs:
  -0.0119332
     0.75357
     0.75357
  0.00373889
  0.00753897
  0.00373889
  -0.0779873
   -0.235781
   -0.235781
  -0.0779873
-0.000152425
-0.000167717
-0.000985438
-0.000167717
-0.000152425

[ElemE 43]
vertices:
     48     49     58     57
edges:
     43    121     51    120
DoFs:
    0.663007
    0.539551
    0.539551
   -0.207541
   -0.417533
   -0.207541
  -0.0558492
   -0.168808
   -0.168808
  -0.0558492
   0.0107037
   0.0437731
   0.0648164
   0.0437731
   0.0107037

[ElemE 44]
vertices:
     49     50     59     58
edges:
     44    122     52    121
DoFs:
    0.949566
  0.00946967
  0.00946967
   -0.297247
    -0.59802
   -0.297247
-0.000995359
    -0.00295
    -0.00295
-0.000995359
   0.0152897
   0.0620722
   0.0926497
   0.0620722
   0.0152897

[ElemE 45]
vertices:
     50     51     60     59
edges:
     45    123     53    122
DoFs:
    0.679883
   -0.526158
   -0.526158
   -0.212829
   -0.428195
   -0.212829
   0.0544415
    0.164636
    0.164636
   0.0544415
   0.0109192
   0.0440103
     0.06621
   0.0440103
   0.0109192

[ElemE 46]
vertices:
     51     52     61     60
edges:
     46    124     54    123
DoFs:
   0.0119332
    -0.75357
    -0.75357
 -0.00373889
 -0.00753897
 -0.00373889
   0.0779873
    0.235781
    0.235781
   0.0779873
 0.000152425
 0.000167717
 0.000985438
 0.000167717
 0.000152425

[ElemE 47]
vertices:
     52     53     62     61
edges:
     47    125     55    124
DoFs:
   -0.663007
   -0.539551
   -0.539551
    0.207541
    0.417533
    0.207541
   0.0558492
    0.168808
    0.168808
   0.0558492
  -0.0107037
  -0.0437731
  -0.0648164
  -0.0437731
  -0.0107037

[ElemE 48]
vertices:
     54     55     64     63
edges:
     48    127     56    126
DoFs:
   -0.679883
    0.526158
    0.526158
    0.212829
    0.428195
    0.212829
  -0.0544415
   -0.164636
   -0.164636
  -0.0544415
  -0.0109192
  -0.0440103
    -0.06621
  -0.0440103
  -0.0109192

[ElemE 49]
vertices:
     55     56     65     64
edges:
     49    128     57    127
DoFs:
  -0.0119332
     0.75357
     0.75357
  0.00373889
  0.00753897
  0.00373889
  -0.0779873
   -0.235781
   -0.235781
  -0.0779873
-0.000152425
-0.000167717
-0.000985438
-0.000167717
-0.000152425

[ElemE 50]
vertices:
     56     57     66     65
edges:
     50    129     58    128
DoFs:
    0.663007
    0.539551
    0.539551
   -0.207541
   -0.417533
   -0.207541
  -0.0558492
   -0.168808
   -0.168808
  -0.0558492
   0.0107037
   0.0437731
   0.0648164
   0.0437731
   0.0107037

[ElemE 51]
vertices:
     57     58     67     66
edges:
     51    130     59    129
DoFs:
    0.949566
  0.00946967
  0.00946967
   -0.297247
    -0.59802
   -0.297247
-0.000995359
    -0.00295
    -0.00295
-0.000995359
   0.0152897
   0.0620722
   0.0926497
   0.0620722
   0.0152897

[ElemE 52]
vertices:
     58     59     68     67
edges:
     52    131     60    130
DoFs:
    0.679883
   -0.526158
   -0.526158
   -0.212829
   -0.428195
   -0.212829
   0.0544415
    0.164636
    0.164636
   0.0544415
   0.0109192
   0.0440103
     0.06621
   0.0440103
   0.0109192

[ElemE 53]
vertices:
     59     60     69     68
edges:
     53    132     61    131
DoFs:
   0.0119332
    -0.75357
    -0.75357
 -0.00373889
 -0.00753897
 -0.00373889
   0.0779873
    0.235781
    0.235781
   0.0779873
 0.000152425
 0.000167717
 0.000985438
 0.000167717
 0.000152425

[ElemE 54]
vertices:
     60     61     70     69
edges:
     54    133     62    132
DoFs:
   -0.663007
   -0.539551
   -0.539551
    0.207541
    0.417533
    0.207541
   0.0558492
    0.168808
    0.168808
   0.0558492
  -0.0107037
  -0.0437731
  -0.0648164
  -0.0437731
  -0.0107037

[ElemE 55]
vertices:
     61     62     71     70
edges:
     55    134     63    133
DoFs:
   -0.949566
 -0.00946967
 -0.00946967
    0.297247
     0.59802
    0.297247
 0.000995359
     0.00295
     0.00295
 0.000995359
  -0.0152897
  -0.0620722
  -0.0926497
  -0.0620722
  -0.0152897

[ElemE 56]
vertices:
     63     64     73     72
edges:
     56    136     64    135
DoFs:
  -0.0119332
     0.75357
     0.75357
  0.00373889
  0.00753897
  0.00373889
  -0.0779873
   -0.235781
   -0.235781
  -0.0779873
-0.000152425
-0.000167717
-0.000985438
-0.000167717
-0.000152425

[ElemE 57]
vertices:
     64     65     74     73
edges:
     57    137     65    136
DoFs:
    0.663007
    0.539551
    0.539551
   -0.207541
   -0.417533
   -0.207541
  -0.0558492
   -0.168808
   -0.168808
  -0.0558492
   0.0107037
   0.0437731
   0.0648164
   0.0437731
   0.0107037

[ElemE 58]
vertices:
     65     66     75     74
edges:
     58    138     66    137
DoFs:
    0.949566
  0.00946967
  0.00946967
   -0.297247
    -0.59802
   -0.297247
-0.000995359
    -0.00295
    -0.00295
-0.000995359
   0.0152897
   0.0620722
   0.0926497
   0.0620722
   0.0152897

[ElemE 59]
vertices:
     66     67     76     75
edges:
     59    139     67    138
DoFs:
    0.679883
   -0.526158
   -0.526158
   -0.212829
   -0.428195
   -0.212829
   0.0544415
    0.164636
    0.164636
   0.0544415
   0.0109192
   0.0440103
     0.06621
   0.0440103
   0.0109192

[ElemE 60]
vertices:
     67     68     77     76
edges:
     60    140     68    139
DoFs:
   0.0119332
    -0.75357
    -0.75357
 -0.00373889
 -0.00753897
 -0.00373889
   0.0779873
    0.235781
    0.235781
   0.0779873
 0.000152425
 0.000167717
 0.000985438
 0.000167717
 0.000152425

[ElemE 61]
vertices:
     68     69     78     77
edges:
     61    141     69    140
DoFs:
   -0.663007
   -0.539551
   -0.539551
    0.207541
    0.417533
    0.207541
   0.0558492
    0.168808
    0.168808
   0.0558492
  -0.0107037
  -0.0437731
  -0.0648164
  -0.0437731
  -0.0107037

[ElemE 62]
vertices:
     69     70     79     78
edges:
     62    142     70    141
DoFs:
   -0.949566
 -0.00946967
 -0.00946967
    0.297247
     0.59802
    0.297247
 0.000995359
     0.00295
     0.00295
 0.000995359
  -0.0152897
  -0.0620722
  -0.0926497
  -0.0620722
  -0.0152897

[ElemE 63]
vertices:
     70     71     80     79
edges:
     63    143     71    142
DoFs:
   -0.679883
    0.526158
    0.526158
    0.212829
    0.428195
    0.212829
  -0.0544415
   -0.164636
   -0.164636
  -0.0544415
  -0.0109192
  -0.0440103
    -0.06621
  -0.0440103
  -0.0109192

