   1558   0.97500000   0.97500000
   1520   0.00000000   0.97500000
   1521   0.02500000   0.97500000
   1522   0.05000000   0.97500000
   1523   0.07500000   0.97500000
   1524   0.10000000   0.97500000
   1525   0.12500000   0.97500000
   1526   0.15000000   0.97500000
   1527   0.17500000   0.97500000
   1528   0.20000000   0.97500000
   1529   0.22500000   0.97500000
   1530   0.25000000   0.97500000
   1531   0.27500000   0.97500000
   1531   0.30000000   0.97500000
   1533   0.32500000   0.97500000
   1533   0.35000000   0.97500000
   1535   0.37500000   0.97500000
   1536   0.40000000   0.97500000
   1536   0.42500000   0.97500000
   1538   0.45000000   0.97500000
   1538   0.47500000   0.97500000
   1540   0.50000000   0.97500000
   1541   0.52500000   0.97500000
   1542   0.55000000   0.97500000
   1543   0.57500000   0.97500000
   1543   0.60000000   0.97500000
   1545   0.62500000   0.97500000
   1546   0.65000000   0.97500000
   1547   0.67500000   0.97500000
   1548   0.70000000   0.97500000
   1548   0.72500000   0.97500000
   1550   0.75000000   0.97500000
   1551   0.77500000   0.97500000
   1552   0.80000000   0.97500000
   1553   0.82500000   0.97500000
   1553   0.85000000   0.97500000
   1555   0.87500000   0.97500000
   1556   0.90000000   0.97500000
   1557   0.92500000   0.97500000
   1558   0.95000000   0.97500000
   1558   0.97500000   0.97500000
     38   0.97500000   0.00000000
      0   0.00000000   0.00000000
      1   0.02500000   0.00000000
      2   0.05000000   0.00000000
      3   0.07500000   0.00000000
      4   0.10000000   0.00000000
      5   0.12500000   0.00000000
      6   0.15000000   0.00000000
      7   0.17500000   0.00000000
      8   0.20000000   0.00000000
      9   0.22500000   0.00000000
     10   0.25000000   0.00000000
     11   0.27500000   0.00000000
     11   0.30000000   0.00000000
     13   0.32500000   0.00000000
     13   0.35000000   0.00000000
     15   0.37500000   0.00000000
     16   0.40000000   0.00000000
     16   0.42500000   0.00000000
     18   0.45000000   0.00000000
     18   0.47500000   0.00000000
     20   0.50000000   0.00000000
     21   0.52500000   0.00000000
     22   0.55000000   0.00000000
     23   0.57500000   0.00000000
     23   0.60000000   0.00000000
     25   0.62500000   0.00000000
     26   0.65000000   0.00000000
     27   0.67500000   0.00000000
     28   0.70000000   0.00000000
     28   0.72500000   0.00000000
     30   0.75000000   0.00000000
     31   0.77500000   0.00000000
     32   0.80000000   0.00000000
     33   0.82500000   0.00000000
     33   0.85000000   0.00000000
     35   0.87500000   0.00000000
     36   0.90000000   0.00000000
     37   0.92500000   0.00000000
     38   0.95000000   0.00000000
     38   0.97500000   0.00000000
     78   0.97500000   0.02500000
     40   0.00000000   0.02500000
     41   0.02500000   0.02500000
     42   0.05000000   0.02500000
     43   0.07500000   0.02500000
     44   0.10000000   0.02500000
     45   0.12500000   0.02500000
     46   0.15000000   0.02500000
     47   0.17500000   0.02500000
     48   0.20000000   0.02500000
     49   0.22500000   0.02500000
     50   0.25000000   0.02500000
     51   0.27500000   0.02500000
     51   0.30000000   0.02500000
     53   0.32500000   0.02500000
     53   0.35000000   0.02500000
     55   0.37500000   0.02500000
     56   0.40000000   0.02500000
     56   0.42500000   0.02500000
     58   0.45000000   0.02500000
     58   0.47500000   0.02500000
     60   0.50000000   0.02500000
     61   0.52500000   0.02500000
     62   0.55000000   0.02500000
     63   0.57500000   0.02500000
     63   0.60000000   0.02500000
     65   0.62500000   0.02500000
     66   0.65000000   0.02500000
     67   0.67500000   0.02500000
     68   0.70000000   0.02500000
     68   0.72500000   0.02500000
     70   0.75000000   0.02500000
     71   0.77500000   0.02500000
     72   0.80000000   0.02500000
     73   0.82500000   0.02500000
     73   0.85000000   0.02500000
     75   0.87500000   0.02500000
     76   0.90000000   0.02500000
     77   0.92500000   0.02500000
     78   0.95000000   0.02500000
     78   0.97500000   0.02500000
    118   0.97500000   0.05000000
     80   0.00000000   0.05000000
     81   0.02500000   0.05000000
     82   0.05000000   0.05000000
     83   0.07500000   0.05000000
     84   0.10000000   0.05000000
     85   0.12500000   0.05000000
     86   0.15000000   0.05000000
     87   0.17500000   0.05000000
     88   0.20000000   0.05000000
     89   0.22500000   0.05000000
     90   0.25000000   0.05000000
     91   0.27500000   0.05000000
     91   0.30000000   0.05000000
     93   0.32500000   0.05000000
     93   0.35000000   0.05000000
     95   0.37500000   0.05000000
     96   0.40000000   0.05000000
     96   0.42500000   0.05000000
     98   0.45000000   0.05000000
     98   0.47500000   0.05000000
    100   0.50000000   0.05000000
    101   0.52500000   0.05000000
    102   0.55000000   0.05000000
    103   0.57500000   0.05000000
    103   0.60000000   0.05000000
    105   0.62500000   0.05000000
    106   0.65000000   0.05000000
    107   0.67500000   0.05000000
    108   0.70000000   0.05000000
    108   0.72500000   0.05000000
    110   0.75000000   0.05000000
    111   0.77500000   0.05000000
    112   0.80000000   0.05000000
    113   0.82500000   0.05000000
    113   0.85000000   0.05000000
    115   0.87500000   0.05000000
    116   0.90000000   0.05000000
    117   0.92500000   0.05000000
    118   0.95000000   0.05000000
    118   0.97500000   0.05000000
    158   0.97500000   0.07500000
    120   0.00000000   0.07500000
    121   0.02500000   0.07500000
    122   0.05000000   0.07500000
    123   0.07500000   0.07500000
    124   0.10000000   0.07500000
    125   0.12500000   0.07500000
    126   0.15000000   0.07500000
    127   0.17500000   0.07500000
    128   0.20000000   0.07500000
    129   0.22500000   0.07500000
    130   0.25000000   0.07500000
    131   0.27500000   0.07500000
    131   0.30000000   0.07500000
    133   0.32500000   0.07500000
    133   0.35000000   0.07500000
    135   0.37500000   0.07500000
    136   0.40000000   0.07500000
    136   0.42500000   0.07500000
    138   0.45000000   0.07500000
    138   0.47500000   0.07500000
    140   0.50000000   0.07500000
    141   0.52500000   0.07500000
    142   0.55000000   0.07500000
    143   0.57500000   0.07500000
    143   0.60000000   0.07500000
    145   0.62500000   0.07500000
    146   0.65000000   0.07500000
    147   0.67500000   0.07500000
    148   0.70000000   0.07500000
    148   0.72500000   0.07500000
    150   0.75000000   0.07500000
    151   0.77500000   0.07500000
    152   0.80000000   0.07500000
    153   0.82500000   0.07500000
    153   0.85000000   0.07500000
    155   0.87500000   0.07500000
    156   0.90000000   0.07500000
    157   0.92500000   0.07500000
    158   0.95000000   0.07500000
    158   0.97500000   0.07500000
    198   0.97500000   0.10000000
    160   0.00000000   0.10000000
    161   0.02500000   0.10000000
    162   0.05000000   0.10000000
    163   0.07500000   0.10000000
    164   0.10000000   0.10000000
    165   0.12500000   0.10000000
    166   0.15000000   0.10000000
    167   0.17500000   0.10000000
    168   0.20000000   0.10000000
    169   0.22500000   0.10000000
    170   0.25000000   0.10000000
    171   0.27500000   0.10000000
    171   0.30000000   0.10000000
    173   0.32500000   0.10000000
    173   0.35000000   0.10000000
    175   0.37500000   0.10000000
    176   0.40000000   0.10000000
    176   0.42500000   0.10000000
    178   0.45000000   0.10000000
    178   0.47500000   0.10000000
    180   0.50000000   0.10000000
    181   0.52500000   0.10000000
    182   0.55000000   0.10000000
    183   0.57500000   0.10000000
    183   0.60000000   0.10000000
    185   0.62500000   0.10000000
    186   0.65000000   0.10000000
    187   0.67500000   0.10000000
    188   0.70000000   0.10000000
    188   0.72500000   0.10000000
    190   0.75000000   0.10000000
    191   0.77500000   0.10000000
    192   0.80000000   0.10000000
    193   0.82500000   0.10000000
    193   0.85000000   0.10000000
    195   0.87500000   0.10000000
    196   0.90000000   0.10000000
    197   0.92500000   0.10000000
    198   0.95000000   0.10000000
    198   0.97500000   0.10000000
    238   0.97500000   0.12500000
    200   0.00000000   0.12500000
    201   0.02500000   0.12500000
    202   0.05000000   0.12500000
    203   0.07500000   0.12500000
    204   0.10000000   0.12500000
    205   0.12500000   0.12500000
    206   0.15000000   0.12500000
    207   0.17500000   0.12500000
    208   0.20000000   0.12500000
    209   0.22500000   0.12500000
    210   0.25000000   0.12500000
    211   0.27500000   0.12500000
    211   0.30000000   0.12500000
    213   0.32500000   0.12500000
    213   0.35000000   0.12500000
    215   0.37500000   0.12500000
    216   0.40000000   0.12500000
    216   0.42500000   0.12500000
    218   0.45000000   0.12500000
    218   0.47500000   0.12500000
    220   0.50000000   0.12500000
    221   0.52500000   0.12500000
    222   0.55000000   0.12500000
    223   0.57500000   0.12500000
    223   0.60000000   0.12500000
    225   0.62500000   0.12500000
    226   0.65000000   0.12500000
    227   0.67500000   0.12500000
    228   0.70000000   0.12500000
    228   0.72500000   0.12500000
    230   0.75000000   0.12500000
    231   0.77500000   0.12500000
    232   0.80000000   0.12500000
    233   0.82500000   0.12500000
    233   0.85000000   0.12500000
    235   0.87500000   0.12500000
    236   0.90000000   0.12500000
    237   0.92500000   0.12500000
    238   0.95000000   0.12500000
    238   0.97500000   0.12500000
    278   0.97500000   0.15000000
    240   0.00000000   0.15000000
    241   0.02500000   0.15000000
    242   0.05000000   0.15000000
    243   0.07500000   0.15000000
    244   0.10000000   0.15000000
    245   0.12500000   0.15000000
    246   0.15000000   0.15000000
    247   0.17500000   0.15000000
    248   0.20000000   0.15000000
    249   0.22500000   0.15000000
    250   0.25000000   0.15000000
    251   0.27500000   0.15000000
    251   0.30000000   0.15000000
    253   0.32500000   0.15000000
    253   0.35000000   0.15000000
    255   0.37500000   0.15000000
    256   0.40000000   0.15000000
    256   0.42500000   0.15000000
    258   0.45000000   0.15000000
    258   0.47500000   0.15000000
    260   0.50000000   0.15000000
    261   0.52500000   0.15000000
    262   0.55000000   0.15000000
    263   0.57500000   0.15000000
    263   0.60000000   0.15000000
    265   0.62500000   0.15000000
    266   0.65000000   0.15000000
    267   0.67500000   0.15000000
    268   0.70000000   0.15000000
    268   0.72500000   0.15000000
    270   0.75000000   0.15000000
    271   0.77500000   0.15000000
    272   0.80000000   0.15000000
    273   0.82500000   0.15000000
    273   0.85000000   0.15000000
    275   0.87500000   0.15000000
    276   0.90000000   0.15000000
    277   0.92500000   0.15000000
    278   0.95000000   0.15000000
    278   0.97500000   0.15000000
    318   0.97500000   0.17500000
    280   0.00000000   0.17500000
    281   0.02500000   0.17500000
    282   0.05000000   0.17500000
    283   0.07500000   0.17500000
    284   0.10000000   0.17500000
    285   0.12500000   0.17500000
    286   0.15000000   0.17500000
    287   0.17500000   0.17500000
    288   0.20000000   0.17500000
    289   0.22500000   0.17500000
    290   0.25000000   0.17500000
    291   0.27500000   0.17500000
    291   0.30000000   0.17500000
    293   0.32500000   0.17500000
    293   0.35000000   0.17500000
    295   0.37500000   0.17500000
    296   0.40000000   0.17500000
    296   0.42500000   0.17500000
    298   0.45000000   0.17500000
    298   0.47500000   0.17500000
    300   0.50000000   0.17500000
    301   0.52500000   0.17500000
    302   0.55000000   0.17500000
    303   0.57500000   0.17500000
    303   0.60000000   0.17500000
    305   0.62500000   0.17500000
    306   0.65000000   0.17500000
    307   0.67500000   0.17500000
    308   0.70000000   0.17500000
    308   0.72500000   0.17500000
    310   0.75000000   0.17500000
    311   0.77500000   0.17500000
    312   0.80000000   0.17500000
    313   0.82500000   0.17500000
    313   0.85000000   0.17500000
    315   0.87500000   0.17500000
    316   0.90000000   0.17500000
    317   0.92500000   0.17500000
    318   0.95000000   0.17500000
    318   0.97500000   0.17500000
    358   0.97500000   0.20000000
    320   0.00000000   0.20000000
    321   0.02500000   0.20000000
    322   0.05000000   0.20000000
    323   0.07500000   0.20000000
    324   0.10000000   0.20000000
    325   0.12500000   0.20000000
    326   0.15000000   0.20000000
    327   0.17500000   0.20000000
    328   0.20000000   0.20000000
    329   0.22500000   0.20000000
    330   0.25000000   0.20000000
    331   0.27500000   0.20000000
    331   0.30000000   0.20000000
    333   0.32500000   0.20000000
    333   0.35000000   0.20000000
    335   0.37500000   0.20000000
    336   0.40000000   0.20000000
    336   0.42500000   0.20000000
    338   0.45000000   0.20000000
    338   0.47500000   0.20000000
    340   0.50000000   0.20000000
    341   0.52500000   0.20000000
    342   0.55000000   0.20000000
    343   0.57500000   0.20000000
    343   0.60000000   0.20000000
    345   0.62500000   0.20000000
    346   0.65000000   0.20000000
    347   0.67500000   0.20000000
    348   0.70000000   0.20000000
    348   0.72500000   0.20000000
    350   0.75000000   0.20000000
    351   0.77500000   0.20000000
    352   0.80000000   0.20000000
    353   0.82500000   0.20000000
    353   0.85000000   0.20000000
    355   0.87500000   0.20000000
    356   0.90000000   0.20000000
    357   0.92500000   0.20000000
    358   0.95000000   0.20000000
    358   0.97500000   0.20000000
    398   0.97500000   0.22500000
    360   0.00000000   0.22500000
    361   0.02500000   0.22500000
    362   0.05000000   0.22500000
    363   0.07500000   0.22500000
    364   0.10000000   0.22500000
    365   0.12500000   0.22500000
    366   0.15000000   0.22500000
    367   0.17500000   0.22500000
    368   0.20000000   0.22500000
    369   0.22500000   0.22500000
    370   0.25000000   0.22500000
    371   0.27500000   0.22500000
    371   0.30000000   0.22500000
    373   0.32500000   0.22500000
    373   0.35000000   0.22500000
    375   0.37500000   0.22500000
    376   0.40000000   0.22500000
    376   0.42500000   0.22500000
    378   0.45000000   0.22500000
    378   0.47500000   0.22500000
    380   0.50000000   0.22500000
    381   0.52500000   0.22500000
    382   0.55000000   0.22500000
    383   0.57500000   0.22500000
    383   0.60000000   0.22500000
    385   0.62500000   0.22500000
    386   0.65000000   0.22500000
    387   0.67500000   0.22500000
    388   0.70000000   0.22500000
    388   0.72500000   0.22500000
    390   0.75000000   0.22500000
    391   0.77500000   0.22500000
    392   0.80000000   0.22500000
    393   0.82500000   0.22500000
    393   0.85000000   0.22500000
    395   0.87500000   0.22500000
    396   0.90000000   0.22500000
    397   0.92500000   0.22500000
    398   0.95000000   0.22500000
    398   0.97500000   0.22500000
    438   0.97500000   0.25000000
    400   0.00000000   0.25000000
    401   0.02500000   0.25000000
    402   0.05000000   0.25000000
    403   0.07500000   0.25000000
    404   0.10000000   0.25000000
    405   0.12500000   0.25000000
    406   0.15000000   0.25000000
    407   0.17500000   0.25000000
    408   0.20000000   0.25000000
    409   0.22500000   0.25000000
    410   0.25000000   0.25000000
    411   0.27500000   0.25000000
    411   0.30000000   0.25000000
    413   0.32500000   0.25000000
    413   0.35000000   0.25000000
    415   0.37500000   0.25000000
    416   0.40000000   0.25000000
    416   0.42500000   0.25000000
    418   0.45000000   0.25000000
    418   0.47500000   0.25000000
    420   0.50000000   0.25000000
    421   0.52500000   0.25000000
    422   0.55000000   0.25000000
    423   0.57500000   0.25000000
    423   0.60000000   0.25000000
    425   0.62500000   0.25000000
    426   0.65000000   0.25000000
    427   0.67500000   0.25000000
    428   0.70000000   0.25000000
    428   0.72500000   0.25000000
    430   0.75000000   0.25000000
    431   0.77500000   0.25000000
    432   0.80000000   0.25000000
    433   0.82500000   0.25000000
    433   0.85000000   0.25000000
    435   0.87500000   0.25000000
    436   0.90000000   0.25000000
    437   0.92500000   0.25000000
    438   0.95000000   0.25000000
    438   0.97500000   0.25000000
    478   0.97500000   0.27500000
    440   0.00000000   0.27500000
    441   0.02500000   0.27500000
    442   0.05000000   0.27500000
    443   0.07500000   0.27500000
    444   0.10000000   0.27500000
    445   0.12500000   0.27500000
    446   0.15000000   0.27500000
    447   0.17500000   0.27500000
    448   0.20000000   0.27500000
    449   0.22500000   0.27500000
    450   0.25000000   0.27500000
    451   0.27500000   0.27500000
    451   0.30000000   0.27500000
    453   0.32500000   0.27500000
    453   0.35000000   0.27500000
    455   0.37500000   0.27500000
    456   0.40000000   0.27500000
    456   0.42500000   0.27500000
    458   0.45000000   0.27500000
    458   0.47500000   0.27500000
    460   0.50000000   0.27500000
    461   0.52500000   0.27500000
    462   0.55000000   0.27500000
    463   0.57500000   0.27500000
    463   0.60000000   0.27500000
    465   0.62500000   0.27500000
    466   0.65000000   0.27500000
    467   0.67500000   0.27500000
    468   0.70000000   0.27500000
    468   0.72500000   0.27500000
    470   0.75000000   0.27500000
    471   0.77500000   0.27500000
    472   0.80000000   0.27500000
    473   0.82500000   0.27500000
    473   0.85000000   0.27500000
    475   0.87500000   0.27500000
    476   0.90000000   0.27500000
    477   0.92500000   0.27500000
    478   0.95000000   0.27500000
    478   0.97500000   0.27500000
    478   0.97500000   0.30000000
    440   0.00000000   0.30000000
    441   0.02500000   0.30000000
    442   0.05000000   0.30000000
    443   0.07500000   0.30000000
    444   0.10000000   0.30000000
    445   0.12500000   0.30000000
    446   0.15000000   0.30000000
    447   0.17500000   0.30000000
    448   0.20000000   0.30000000
    449   0.22500000   0.30000000
    450   0.25000000   0.30000000
    451   0.27500000   0.30000000
    451   0.30000000   0.30000000
    453   0.32500000   0.30000000
    453   0.35000000   0.30000000
    455   0.37500000   0.30000000
    456   0.40000000   0.30000000
    456   0.42500000   0.30000000
    458   0.45000000   0.30000000
    458   0.47500000   0.30000000
    460   0.50000000   0.30000000
    461   0.52500000   0.30000000
    462   0.55000000   0.30000000
    463   0.57500000   0.30000000
    463   0.60000000   0.30000000
    465   0.62500000   0.30000000
    466   0.65000000   0.30000000
    467   0.67500000   0.30000000
    468   0.70000000   0.30000000
    468   0.72500000   0.30000000
    470   0.75000000   0.30000000
    471   0.77500000   0.30000000
    472   0.80000000   0.30000000
    473   0.82500000   0.30000000
    473   0.85000000   0.30000000
    475   0.87500000   0.30000000
    476   0.90000000   0.30000000
    477   0.92500000   0.30000000
    478   0.95000000   0.30000000
    478   0.97500000   0.30000000
    558   0.97500000   0.32500000
    520   0.00000000   0.32500000
    521   0.02500000   0.32500000
    522   0.05000000   0.32500000
    523   0.07500000   0.32500000
    524   0.10000000   0.32500000
    525   0.12500000   0.32500000
    526   0.15000000   0.32500000
    527   0.17500000   0.32500000
    528   0.20000000   0.32500000
    529   0.22500000   0.32500000
    530   0.25000000   0.32500000
    531   0.27500000   0.32500000
    531   0.30000000   0.32500000
    533   0.32500000   0.32500000
    533   0.35000000   0.32500000
    535   0.37500000   0.32500000
    536   0.40000000   0.32500000
    536   0.42500000   0.32500000
    538   0.45000000   0.32500000
    538   0.47500000   0.32500000
    540   0.50000000   0.32500000
    541   0.52500000   0.32500000
    542   0.55000000   0.32500000
    543   0.57500000   0.32500000
    543   0.60000000   0.32500000
    545   0.62500000   0.32500000
    546   0.65000000   0.32500000
    547   0.67500000   0.32500000
    548   0.70000000   0.32500000
    548   0.72500000   0.32500000
    550   0.75000000   0.32500000
    551   0.77500000   0.32500000
    552   0.80000000   0.32500000
    553   0.82500000   0.32500000
    553   0.85000000   0.32500000
    555   0.87500000   0.32500000
    556   0.90000000   0.32500000
    557   0.92500000   0.32500000
    558   0.95000000   0.32500000
    558   0.97500000   0.32500000
    558   0.97500000   0.35000000
    520   0.00000000   0.35000000
    521   0.02500000   0.35000000
    522   0.05000000   0.35000000
    523   0.07500000   0.35000000
    524   0.10000000   0.35000000
    525   0.12500000   0.35000000
    526   0.15000000   0.35000000
    527   0.17500000   0.35000000
    528   0.20000000   0.35000000
    529   0.22500000   0.35000000
    530   0.25000000   0.35000000
    531   0.27500000   0.35000000
    531   0.30000000   0.35000000
    533   0.32500000   0.35000000
    533   0.35000000   0.35000000
    535   0.37500000   0.35000000
    536   0.40000000   0.35000000
    536   0.42500000   0.35000000
    538   0.45000000   0.35000000
    538   0.47500000   0.35000000
    540   0.50000000   0.35000000
    541   0.52500000   0.35000000
    542   0.55000000   0.35000000
    543   0.57500000   0.35000000
    543   0.60000000   0.35000000
    545   0.62500000   0.35000000
    546   0.65000000   0.35000000
    547   0.67500000   0.35000000
    548   0.70000000   0.35000000
    548   0.72500000   0.35000000
    550   0.75000000   0.35000000
    551   0.77500000   0.35000000
    552   0.80000000   0.35000000
    553   0.82500000   0.35000000
    553   0.85000000   0.35000000
    555   0.87500000   0.35000000
    556   0.90000000   0.35000000
    557   0.92500000   0.35000000
    558   0.95000000   0.35000000
    558   0.97500000   0.35000000
    638   0.97500000   0.37500000
    600   0.00000000   0.37500000
    601   0.02500000   0.37500000
    602   0.05000000   0.37500000
    603   0.07500000   0.37500000
    604   0.10000000   0.37500000
    605   0.12500000   0.37500000
    606   0.15000000   0.37500000
    607   0.17500000   0.37500000
    608   0.20000000   0.37500000
    609   0.22500000   0.37500000
    610   0.25000000   0.37500000
    611   0.27500000   0.37500000
    611   0.30000000   0.37500000
    613   0.32500000   0.37500000
    613   0.35000000   0.37500000
    615   0.37500000   0.37500000
    616   0.40000000   0.37500000
    616   0.42500000   0.37500000
    618   0.45000000   0.37500000
    618   0.47500000   0.37500000
    620   0.50000000   0.37500000
    621   0.52500000   0.37500000
    622   0.55000000   0.37500000
    623   0.57500000   0.37500000
    623   0.60000000   0.37500000
    625   0.62500000   0.37500000
    626   0.65000000   0.37500000
    627   0.67500000   0.37500000
    628   0.70000000   0.37500000
    628   0.72500000   0.37500000
    630   0.75000000   0.37500000
    631   0.77500000   0.37500000
    632   0.80000000   0.37500000
    633   0.82500000   0.37500000
    633   0.85000000   0.37500000
    635   0.87500000   0.37500000
    636   0.90000000   0.37500000
    637   0.92500000   0.37500000
    638   0.95000000   0.37500000
    638   0.97500000   0.37500000
    678   0.97500000   0.40000000
    640   0.00000000   0.40000000
    641   0.02500000   0.40000000
    642   0.05000000   0.40000000
    643   0.07500000   0.40000000
    644   0.10000000   0.40000000
    645   0.12500000   0.40000000
    646   0.15000000   0.40000000
    647   0.17500000   0.40000000
    648   0.20000000   0.40000000
    649   0.22500000   0.40000000
    650   0.25000000   0.40000000
    651   0.27500000   0.40000000
    651   0.30000000   0.40000000
    653   0.32500000   0.40000000
    653   0.35000000   0.40000000
    655   0.37500000   0.40000000
    656   0.40000000   0.40000000
    656   0.42500000   0.40000000
    658   0.45000000   0.40000000
    658   0.47500000   0.40000000
    660   0.50000000   0.40000000
    661   0.52500000   0.40000000
    662   0.55000000   0.40000000
    663   0.57500000   0.40000000
    663   0.60000000   0.40000000
    665   0.62500000   0.40000000
    666   0.65000000   0.40000000
    667   0.67500000   0.40000000
    668   0.70000000   0.40000000
    668   0.72500000   0.40000000
    670   0.75000000   0.40000000
    671   0.77500000   0.40000000
    672   0.80000000   0.40000000
    673   0.82500000   0.40000000
    673   0.85000000   0.40000000
    675   0.87500000   0.40000000
    676   0.90000000   0.40000000
    677   0.92500000   0.40000000
    678   0.95000000   0.40000000
    678   0.97500000   0.40000000
    678   0.97500000   0.42500000
    640   0.00000000   0.42500000
    641   0.02500000   0.42500000
    642   0.05000000   0.42500000
    643   0.07500000   0.42500000
    644   0.10000000   0.42500000
    645   0.12500000   0.42500000
    646   0.15000000   0.42500000
    647   0.17500000   0.42500000
    648   0.20000000   0.42500000
    649   0.22500000   0.42500000
    650   0.25000000   0.42500000
    651   0.27500000   0.42500000
    651   0.30000000   0.42500000
    653   0.32500000   0.42500000
    653   0.35000000   0.42500000
    655   0.37500000   0.42500000
    656   0.40000000   0.42500000
    656   0.42500000   0.42500000
    658   0.45000000   0.42500000
    658   0.47500000   0.42500000
    660   0.50000000   0.42500000
    661   0.52500000   0.42500000
    662   0.55000000   0.42500000
    663   0.57500000   0.42500000
    663   0.60000000   0.42500000
    665   0.62500000   0.42500000
    666   0.65000000   0.42500000
    667   0.67500000   0.42500000
    668   0.70000000   0.42500000
    668   0.72500000   0.42500000
    670   0.75000000   0.42500000
    671   0.77500000   0.42500000
    672   0.80000000   0.42500000
    673   0.82500000   0.42500000
    673   0.85000000   0.42500000
    675   0.87500000   0.42500000
    676   0.90000000   0.42500000
    677   0.92500000   0.42500000
    678   0.95000000   0.42500000
    678   0.97500000   0.42500000
    758   0.97500000   0.45000000
    720   0.00000000   0.45000000
    721   0.02500000   0.45000000
    722   0.05000000   0.45000000
    723   0.07500000   0.45000000
    724   0.10000000   0.45000000
    725   0.12500000   0.45000000
    726   0.15000000   0.45000000
    727   0.17500000   0.45000000
    728   0.20000000   0.45000000
    729   0.22500000   0.45000000
    730   0.25000000   0.45000000
    731   0.27500000   0.45000000
    731   0.30000000   0.45000000
    733   0.32500000   0.45000000
    733   0.35000000   0.45000000
    735   0.37500000   0.45000000
    736   0.40000000   0.45000000
    736   0.42500000   0.45000000
    738   0.45000000   0.45000000
    738   0.47500000   0.45000000
    740   0.50000000   0.45000000
    741   0.52500000   0.45000000
    742   0.55000000   0.45000000
    743   0.57500000   0.45000000
    743   0.60000000   0.45000000
    745   0.62500000   0.45000000
    746   0.65000000   0.45000000
    747   0.67500000   0.45000000
    748   0.70000000   0.45000000
    748   0.72500000   0.45000000
    750   0.75000000   0.45000000
    751   0.77500000   0.45000000
    752   0.80000000   0.45000000
    753   0.82500000   0.45000000
    753   0.85000000   0.45000000
    755   0.87500000   0.45000000
    756   0.90000000   0.45000000
    757   0.92500000   0.45000000
    758   0.95000000   0.45000000
    758   0.97500000   0.45000000
    758   0.97500000   0.47500000
    720   0.00000000   0.47500000
    721   0.02500000   0.47500000
    722   0.05000000   0.47500000
    723   0.07500000   0.47500000
    724   0.10000000   0.47500000
    725   0.12500000   0.47500000
    726   0.15000000   0.47500000
    727   0.17500000   0.47500000
    728   0.20000000   0.47500000
    729   0.22500000   0.47500000
    730   0.25000000   0.47500000
    731   0.27500000   0.47500000
    731   0.30000000   0.47500000
    733   0.32500000   0.47500000
    733   0.35000000   0.47500000
    735   0.37500000   0.47500000
    736   0.40000000   0.47500000
    736   0.42500000   0.47500000
    738   0.45000000   0.47500000
    738   0.47500000   0.47500000
    740   0.50000000   0.47500000
    741   0.52500000   0.47500000
    742   0.55000000   0.47500000
    743   0.57500000   0.47500000
    743   0.60000000   0.47500000
    745   0.62500000   0.47500000
    746   0.65000000   0.47500000
    747   0.67500000   0.47500000
    748   0.70000000   0.47500000
    748   0.72500000   0.47500000
    750   0.75000000   0.47500000
    751   0.77500000   0.47500000
    752   0.80000000   0.47500000
    753   0.82500000   0.47500000
    753   0.85000000   0.47500000
    755   0.87500000   0.47500000
    756   0.90000000   0.47500000
    757   0.92500000   0.47500000
    758   0.95000000   0.47500000
    758   0.97500000   0.47500000
    838   0.97500000   0.50000000
    800   0.00000000   0.50000000
    801   0.02500000   0.50000000
    802   0.05000000   0.50000000
    803   0.07500000   0.50000000
    804   0.10000000   0.50000000
    805   0.12500000   0.50000000
    806   0.15000000   0.50000000
    807   0.17500000   0.50000000
    808   0.20000000   0.50000000
    809   0.22500000   0.50000000
    810   0.25000000   0.50000000
    811   0.27500000   0.50000000
    811   0.30000000   0.50000000
    813   0.32500000   0.50000000
    813   0.35000000   0.50000000
    815   0.37500000   0.50000000
    816   0.40000000   0.50000000
    816   0.42500000   0.50000000
    818   0.45000000   0.50000000
    818   0.47500000   0.50000000
    820   0.50000000   0.50000000
    821   0.52500000   0.50000000
    822   0.55000000   0.50000000
    823   0.57500000   0.50000000
    823   0.60000000   0.50000000
    825   0.62500000   0.50000000
    826   0.65000000   0.50000000
    827   0.67500000   0.50000000
    828   0.70000000   0.50000000
    828   0.72500000   0.50000000
    830   0.75000000   0.50000000
    831   0.77500000   0.50000000
    832   0.80000000   0.50000000
    833   0.82500000   0.50000000
    833   0.85000000   0.50000000
    835   0.87500000   0.50000000
    836   0.90000000   0.50000000
    837   0.92500000   0.50000000
    838   0.95000000   0.50000000
    838   0.97500000   0.50000000
    878   0.97500000   0.52500000
    840   0.00000000   0.52500000
    841   0.02500000   0.52500000
    842   0.05000000   0.52500000
    843   0.07500000   0.52500000
    844   0.10000000   0.52500000
    845   0.12500000   0.52500000
    846   0.15000000   0.52500000
    847   0.17500000   0.52500000
    848   0.20000000   0.52500000
    849   0.22500000   0.52500000
    850   0.25000000   0.52500000
    851   0.27500000   0.52500000
    851   0.30000000   0.52500000
    853   0.32500000   0.52500000
    853   0.35000000   0.52500000
    855   0.37500000   0.52500000
    856   0.40000000   0.52500000
    856   0.42500000   0.52500000
    858   0.45000000   0.52500000
    858   0.47500000   0.52500000
    860   0.50000000   0.52500000
    861   0.52500000   0.52500000
    862   0.55000000   0.52500000
    863   0.57500000   0.52500000
    863   0.60000000   0.52500000
    865   0.62500000   0.52500000
    866   0.65000000   0.52500000
    867   0.67500000   0.52500000
    868   0.70000000   0.52500000
    868   0.72500000   0.52500000
    870   0.75000000   0.52500000
    871   0.77500000   0.52500000
    872   0.80000000   0.52500000
    873   0.82500000   0.52500000
    873   0.85000000   0.52500000
    875   0.87500000   0.52500000
    876   0.90000000   0.52500000
    877   0.92500000   0.52500000
    878   0.95000000   0.52500000
    878   0.97500000   0.52500000
    918   0.97500000   0.55000000
    880   0.00000000   0.55000000
    881   0.02500000   0.55000000
    882   0.05000000   0.55000000
    883   0.07500000   0.55000000
    884   0.10000000   0.55000000
    885   0.12500000   0.55000000
    886   0.15000000   0.55000000
    887   0.17500000   0.55000000
    888   0.20000000   0.55000000
    889   0.22500000   0.55000000
    890   0.25000000   0.55000000
    891   0.27500000   0.55000000
    891   0.30000000   0.55000000
    893   0.32500000   0.55000000
    893   0.35000000   0.55000000
    895   0.37500000   0.55000000
    896   0.40000000   0.55000000
    896   0.42500000   0.55000000
    898   0.45000000   0.55000000
    898   0.47500000   0.55000000
    900   0.50000000   0.55000000
    901   0.52500000   0.55000000
    902   0.55000000   0.55000000
    903   0.57500000   0.55000000
    903   0.60000000   0.55000000
    905   0.62500000   0.55000000
    906   0.65000000   0.55000000
    907   0.67500000   0.55000000
    908   0.70000000   0.55000000
    908   0.72500000   0.55000000
    910   0.75000000   0.55000000
    911   0.77500000   0.55000000
    912   0.80000000   0.55000000
    913   0.82500000   0.55000000
    913   0.85000000   0.55000000
    915   0.87500000   0.55000000
    916   0.90000000   0.55000000
    917   0.92500000   0.55000000
    918   0.95000000   0.55000000
    918   0.97500000   0.55000000
    958   0.97500000   0.57500000
    920   0.00000000   0.57500000
    921   0.02500000   0.57500000
    922   0.05000000   0.57500000
    923   0.07500000   0.57500000
    924   0.10000000   0.57500000
    925   0.12500000   0.57500000
    926   0.15000000   0.57500000
    927   0.17500000   0.57500000
    928   0.20000000   0.57500000
    929   0.22500000   0.57500000
    930   0.25000000   0.57500000
    931   0.27500000   0.57500000
    931   0.30000000   0.57500000
    933   0.32500000   0.57500000
    933   0.35000000   0.57500000
    935   0.37500000   0.57500000
    936   0.40000000   0.57500000
    936   0.42500000   0.57500000
    938   0.45000000   0.57500000
    938   0.47500000   0.57500000
    940   0.50000000   0.57500000
    941   0.52500000   0.57500000
    942   0.55000000   0.57500000
    943   0.57500000   0.57500000
    943   0.60000000   0.57500000
    945   0.62500000   0.57500000
    946   0.65000000   0.57500000
    947   0.67500000   0.57500000
    948   0.70000000   0.57500000
    948   0.72500000   0.57500000
    950   0.75000000   0.57500000
    951   0.77500000   0.57500000
    952   0.80000000   0.57500000
    953   0.82500000   0.57500000
    953   0.85000000   0.57500000
    955   0.87500000   0.57500000
    956   0.90000000   0.57500000
    957   0.92500000   0.57500000
    958   0.95000000   0.57500000
    958   0.97500000   0.57500000
    958   0.97500000   0.60000000
    920   0.00000000   0.60000000
    921   0.02500000   0.60000000
    922   0.05000000   0.60000000
    923   0.07500000   0.60000000
    924   0.10000000   0.60000000
    925   0.12500000   0.60000000
    926   0.15000000   0.60000000
    927   0.17500000   0.60000000
    928   0.20000000   0.60000000
    929   0.22500000   0.60000000
    930   0.25000000   0.60000000
    931   0.27500000   0.60000000
    931   0.30000000   0.60000000
    933   0.32500000   0.60000000
    933   0.35000000   0.60000000
    935   0.37500000   0.60000000
    936   0.40000000   0.60000000
    936   0.42500000   0.60000000
    938   0.45000000   0.60000000
    938   0.47500000   0.60000000
    940   0.50000000   0.60000000
    941   0.52500000   0.60000000
    942   0.55000000   0.60000000
    943   0.57500000   0.60000000
    943   0.60000000   0.60000000
    945   0.62500000   0.60000000
    946   0.65000000   0.60000000
    947   0.67500000   0.60000000
    948   0.70000000   0.60000000
    948   0.72500000   0.60000000
    950   0.75000000   0.60000000
    951   0.77500000   0.60000000
    952   0.80000000   0.60000000
    953   0.82500000   0.60000000
    953   0.85000000   0.60000000
    955   0.87500000   0.60000000
    956   0.90000000   0.60000000
    957   0.92500000   0.60000000
    958   0.95000000   0.60000000
    958   0.97500000   0.60000000
   1038   0.97500000   0.62500000
   1000   0.00000000   0.62500000
   1001   0.02500000   0.62500000
   1002   0.05000000   0.62500000
   1003   0.07500000   0.62500000
   1004   0.10000000   0.62500000
   1005   0.12500000   0.62500000
   1006   0.15000000   0.62500000
   1007   0.17500000   0.62500000
   1008   0.20000000   0.62500000
   1009   0.22500000   0.62500000
   1010   0.25000000   0.62500000
   1011   0.27500000   0.62500000
   1011   0.30000000   0.62500000
   1013   0.32500000   0.62500000
   1013   0.35000000   0.62500000
   1015   0.37500000   0.62500000
   1016   0.40000000   0.62500000
   1016   0.42500000   0.62500000
   1018   0.45000000   0.62500000
   1018   0.47500000   0.62500000
   1020   0.50000000   0.62500000
   1021   0.52500000   0.62500000
   1022   0.55000000   0.62500000
   1023   0.57500000   0.62500000
   1023   0.60000000   0.62500000
   1025   0.62500000   0.62500000
   1026   0.65000000   0.62500000
   1027   0.67500000   0.62500000
   1028   0.70000000   0.62500000
   1028   0.72500000   0.62500000
   1030   0.75000000   0.62500000
   1031   0.77500000   0.62500000
   1032   0.80000000   0.62500000
   1033   0.82500000   0.62500000
   1033   0.85000000   0.62500000
   1035   0.87500000   0.62500000
   1036   0.90000000   0.62500000
   1037   0.92500000   0.62500000
   1038   0.95000000   0.62500000
   1038   0.97500000   0.62500000
   1078   0.97500000   0.65000000
   1040   0.00000000   0.65000000
   1041   0.02500000   0.65000000
   1042   0.05000000   0.65000000
   1043   0.07500000   0.65000000
   1044   0.10000000   0.65000000
   1045   0.12500000   0.65000000
   1046   0.15000000   0.65000000
   1047   0.17500000   0.65000000
   1048   0.20000000   0.65000000
   1049   0.22500000   0.65000000
   1050   0.25000000   0.65000000
   1051   0.27500000   0.65000000
   1051   0.30000000   0.65000000
   1053   0.32500000   0.65000000
   1053   0.35000000   0.65000000
   1055   0.37500000   0.65000000
   1056   0.40000000   0.65000000
   1056   0.42500000   0.65000000
   1058   0.45000000   0.65000000
   1058   0.47500000   0.65000000
   1060   0.50000000   0.65000000
   1061   0.52500000   0.65000000
   1062   0.55000000   0.65000000
   1063   0.57500000   0.65000000
   1063   0.60000000   0.65000000
   1065   0.62500000   0.65000000
   1066   0.65000000   0.65000000
   1067   0.67500000   0.65000000
   1068   0.70000000   0.65000000
   1068   0.72500000   0.65000000
   1070   0.75000000   0.65000000
   1071   0.77500000   0.65000000
   1072   0.80000000   0.65000000
   1073   0.82500000   0.65000000
   1073   0.85000000   0.65000000
   1075   0.87500000   0.65000000
   1076   0.90000000   0.65000000
   1077   0.92500000   0.65000000
   1078   0.95000000   0.65000000
   1078   0.97500000   0.65000000
   1118   0.97500000   0.67500000
   1080   0.00000000   0.67500000
   1081   0.02500000   0.67500000
   1082   0.05000000   0.67500000
   1083   0.07500000   0.67500000
   1084   0.10000000   0.67500000
   1085   0.12500000   0.67500000
   1086   0.15000000   0.67500000
   1087   0.17500000   0.67500000
   1088   0.20000000   0.67500000
   1089   0.22500000   0.67500000
   1090   0.25000000   0.67500000
   1091   0.27500000   0.67500000
   1091   0.30000000   0.67500000
   1093   0.32500000   0.67500000
   1093   0.35000000   0.67500000
   1095   0.37500000   0.67500000
   1096   0.40000000   0.67500000
   1096   0.42500000   0.67500000
   1098   0.45000000   0.67500000
   1098   0.47500000   0.67500000
   1100   0.50000000   0.67500000
   1101   0.52500000   0.67500000
   1102   0.55000000   0.67500000
   1103   0.57500000   0.67500000
   1103   0.60000000   0.67500000
   1105   0.62500000   0.67500000
   1106   0.65000000   0.67500000
   1107   0.67500000   0.67500000
   1108   0.70000000   0.67500000
   1108   0.72500000   0.67500000
   1110   0.75000000   0.67500000
   1111   0.77500000   0.67500000
   1112   0.80000000   0.67500000
   1113   0.82500000   0.67500000
   1113   0.85000000   0.67500000
   1115   0.87500000   0.67500000
   1116   0.90000000   0.67500000
   1117   0.92500000   0.67500000
   1118   0.95000000   0.67500000
   1118   0.97500000   0.67500000
   1158   0.97500000   0.70000000
   1120   0.00000000   0.70000000
   1121   0.02500000   0.70000000
   1122   0.05000000   0.70000000
   1123   0.07500000   0.70000000
   1124   0.10000000   0.70000000
   1125   0.12500000   0.70000000
   1126   0.15000000   0.70000000
   1127   0.17500000   0.70000000
   1128   0.20000000   0.70000000
   1129   0.22500000   0.70000000
   1130   0.25000000   0.70000000
   1131   0.27500000   0.70000000
   1131   0.30000000   0.70000000
   1133   0.32500000   0.70000000
   1133   0.35000000   0.70000000
   1135   0.37500000   0.70000000
   1136   0.40000000   0.70000000
   1136   0.42500000   0.70000000
   1138   0.45000000   0.70000000
   1138   0.47500000   0.70000000
   1140   0.50000000   0.70000000
   1141   0.52500000   0.70000000
   1142   0.55000000   0.70000000
   1143   0.57500000   0.70000000
   1143   0.60000000   0.70000000
   1145   0.62500000   0.70000000
   1146   0.65000000   0.70000000
   1147   0.67500000   0.70000000
   1148   0.70000000   0.70000000
   1148   0.72500000   0.70000000
   1150   0.75000000   0.70000000
   1151   0.77500000   0.70000000
   1152   0.80000000   0.70000000
   1153   0.82500000   0.70000000
   1153   0.85000000   0.70000000
   1155   0.87500000   0.70000000
   1156   0.90000000   0.70000000
   1157   0.92500000   0.70000000
   1158   0.95000000   0.70000000
   1158   0.97500000   0.70000000
   1158   0.97500000   0.72500000
   1120   0.00000000   0.72500000
   1121   0.02500000   0.72500000
   1122   0.05000000   0.72500000
   1123   0.07500000   0.72500000
   1124   0.10000000   0.72500000
   1125   0.12500000   0.72500000
   1126   0.15000000   0.72500000
   1127   0.17500000   0.72500000
   1128   0.20000000   0.72500000
   1129   0.22500000   0.72500000
   1130   0.25000000   0.72500000
   1131   0.27500000   0.72500000
   1131   0.30000000   0.72500000
   1133   0.32500000   0.72500000
   1133   0.35000000   0.72500000
   1135   0.37500000   0.72500000
   1136   0.40000000   0.72500000
   1136   0.42500000   0.72500000
   1138   0.45000000   0.72500000
   1138   0.47500000   0.72500000
   1140   0.50000000   0.72500000
   1141   0.52500000   0.72500000
   1142   0.55000000   0.72500000
   1143   0.57500000   0.72500000
   1143   0.60000000   0.72500000
   1145   0.62500000   0.72500000
   1146   0.65000000   0.72500000
   1147   0.67500000   0.72500000
   1148   0.70000000   0.72500000
   1148   0.72500000   0.72500000
   1150   0.75000000   0.72500000
   1151   0.77500000   0.72500000
   1152   0.80000000   0.72500000
   1153   0.82500000   0.72500000
   1153   0.85000000   0.72500000
   1155   0.87500000   0.72500000
   1156   0.90000000   0.72500000
   1157   0.92500000   0.72500000
   1158   0.95000000   0.72500000
   1158   0.97500000   0.72500000
   1238   0.97500000   0.75000000
   1200   0.00000000   0.75000000
   1201   0.02500000   0.75000000
   1202   0.05000000   0.75000000
   1203   0.07500000   0.75000000
   1204   0.10000000   0.75000000
   1205   0.12500000   0.75000000
   1206   0.15000000   0.75000000
   1207   0.17500000   0.75000000
   1208   0.20000000   0.75000000
   1209   0.22500000   0.75000000
   1210   0.25000000   0.75000000
   1211   0.27500000   0.75000000
   1211   0.30000000   0.75000000
   1213   0.32500000   0.75000000
   1213   0.35000000   0.75000000
   1215   0.37500000   0.75000000
   1216   0.40000000   0.75000000
   1216   0.42500000   0.75000000
   1218   0.45000000   0.75000000
   1218   0.47500000   0.75000000
   1220   0.50000000   0.75000000
   1221   0.52500000   0.75000000
   1222   0.55000000   0.75000000
   1223   0.57500000   0.75000000
   1223   0.60000000   0.75000000
   1225   0.62500000   0.75000000
   1226   0.65000000   0.75000000
   1227   0.67500000   0.75000000
   1228   0.70000000   0.75000000
   1228   0.72500000   0.75000000
   1230   0.75000000   0.75000000
   1231   0.77500000   0.75000000
   1232   0.80000000   0.75000000
   1233   0.82500000   0.75000000
   1233   0.85000000   0.75000000
   1235   0.87500000   0.75000000
   1236   0.90000000   0.75000000
   1237   0.92500000   0.75000000
   1238   0.95000000   0.75000000
   1238   0.97500000   0.75000000
   1278   0.97500000   0.77500000
   1240   0.00000000   0.77500000
   1241   0.02500000   0.77500000
   1242   0.05000000   0.77500000
   1243   0.07500000   0.77500000
   1244   0.10000000   0.77500000
   1245   0.12500000   0.77500000
   1246   0.15000000   0.77500000
   1247   0.17500000   0.77500000
   1248   0.20000000   0.77500000
   1249   0.22500000   0.77500000
   1250   0.25000000   0.77500000
   1251   0.27500000   0.77500000
   1251   0.30000000   0.77500000
   1253   0.32500000   0.77500000
   1253   0.35000000   0.77500000
   1255   0.37500000   0.77500000
   1256   0.40000000   0.77500000
   1256   0.42500000   0.77500000
   1258   0.45000000   0.77500000
   1258   0.47500000   0.77500000
   1260   0.50000000   0.77500000
   1261   0.52500000   0.77500000
   1262   0.55000000   0.77500000
   1263   0.57500000   0.77500000
   1263   0.60000000   0.77500000
   1265   0.62500000   0.77500000
   1266   0.65000000   0.77500000
   1267   0.67500000   0.77500000
   1268   0.70000000   0.77500000
   1268   0.72500000   0.77500000
   1270   0.75000000   0.77500000
   1271   0.77500000   0.77500000
   1272   0.80000000   0.77500000
   1273   0.82500000   0.77500000
   1273   0.85000000   0.77500000
   1275   0.87500000   0.77500000
   1276   0.90000000   0.77500000
   1277   0.92500000   0.77500000
   1278   0.95000000   0.77500000
   1278   0.97500000   0.77500000
   1318   0.97500000   0.80000000
   1280   0.00000000   0.80000000
   1281   0.02500000   0.80000000
   1282   0.05000000   0.80000000
   1283   0.07500000   0.80000000
   1284   0.10000000   0.80000000
   1285   0.12500000   0.80000000
   1286   0.15000000   0.80000000
   1287   0.17500000   0.80000000
   1288   0.20000000   0.80000000
   1289   0.22500000   0.80000000
   1290   0.25000000   0.80000000
   1291   0.27500000   0.80000000
   1291   0.30000000   0.80000000
   1293   0.32500000   0.80000000
   1293   0.35000000   0.80000000
   1295   0.37500000   0.80000000
   1296   0.40000000   0.80000000
   1296   0.42500000   0.80000000
   1298   0.45000000   0.80000000
   1298   0.47500000   0.80000000
   1300   0.50000000   0.80000000
   1301   0.52500000   0.80000000
   1302   0.55000000   0.80000000
   1303   0.57500000   0.80000000
   1303   0.60000000   0.80000000
   1305   0.62500000   0.80000000
   1306   0.65000000   0.80000000
   1307   0.67500000   0.80000000
   1308   0.70000000   0.80000000
   1308   0.72500000   0.80000000
   1310   0.75000000   0.80000000
   1311   0.77500000   0.80000000
   1312   0.80000000   0.80000000
   1313   0.82500000   0.80000000
   1313   0.85000000   0.80000000
   1315   0.87500000   0.80000000
   1316   0.90000000   0.80000000
   1317   0.92500000   0.80000000
   1318   0.95000000   0.80000000
   1318   0.97500000   0.80000000
   1358   0.97500000   0.82500000
   1320   0.00000000   0.82500000
   1321   0.02500000   0.82500000
   1322   0.05000000   0.82500000
   1323   0.07500000   0.82500000
   1324   0.10000000   0.82500000
   1325   0.12500000   0.82500000
   1326   0.15000000   0.82500000
   1327   0.17500000   0.82500000
   1328   0.20000000   0.82500000
   1329   0.22500000   0.82500000
   1330   0.25000000   0.82500000
   1331   0.27500000   0.82500000
   1331   0.30000000   0.82500000
   1333   0.32500000   0.82500000
   1333   0.35000000   0.82500000
   1335   0.37500000   0.82500000
   1336   0.40000000   0.82500000
   1336   0.42500000   0.82500000
   1338   0.45000000   0.82500000
   1338   0.47500000   0.82500000
   1340   0.50000000   0.82500000
   1341   0.52500000   0.82500000
   1342   0.55000000   0.82500000
   1343   0.57500000   0.82500000
   1343   0.60000000   0.82500000
   1345   0.62500000   0.82500000
   1346   0.65000000   0.82500000
   1347   0.67500000   0.82500000
   1348   0.70000000   0.82500000
   1348   0.72500000   0.82500000
   1350   0.75000000   0.82500000
   1351   0.77500000   0.82500000
   1352   0.80000000   0.82500000
   1353   0.82500000   0.82500000
   1353   0.85000000   0.82500000
   1355   0.87500000   0.82500000
   1356   0.90000000   0.82500000
   1357   0.92500000   0.82500000
   1358   0.95000000   0.82500000
   1358   0.97500000   0.82500000
   1358   0.97500000   0.85000000
   1320   0.00000000   0.85000000
   1321   0.02500000   0.85000000
   1322   0.05000000   0.85000000
   1323   0.07500000   0.85000000
   1324   0.10000000   0.85000000
   1325   0.12500000   0.85000000
   1326   0.15000000   0.85000000
   1327   0.17500000   0.85000000
   1328   0.20000000   0.85000000
   1329   0.22500000   0.85000000
   1330   0.25000000   0.85000000
   1331   0.27500000   0.85000000
   1331   0.30000000   0.85000000
   1333   0.32500000   0.85000000
   1333   0.35000000   0.85000000
   1335   0.37500000   0.85000000
   1336   0.40000000   0.85000000
   1336   0.42500000   0.85000000
   1338   0.45000000   0.85000000
   1338   0.47500000   0.85000000
   1340   0.50000000   0.85000000
   1341   0.52500000   0.85000000
   1342   0.55000000   0.85000000
   1343   0.57500000   0.85000000
   1343   0.60000000   0.85000000
   1345   0.62500000   0.85000000
   1346   0.65000000   0.85000000
   1347   0.67500000   0.85000000
   1348   0.70000000   0.85000000
   1348   0.72500000   0.85000000
   1350   0.75000000   0.85000000
   1351   0.77500000   0.85000000
   1352   0.80000000   0.85000000
   1353   0.82500000   0.85000000
   1353   0.85000000   0.85000000
   1355   0.87500000   0.85000000
   1356   0.90000000   0.85000000
   1357   0.92500000   0.85000000
   1358   0.95000000   0.85000000
   1358   0.97500000   0.85000000
   1438   0.97500000   0.87500000
   1400   0.00000000   0.87500000
   1401   0.02500000   0.87500000
   1402   0.05000000   0.87500000
   1403   0.07500000   0.87500000
   1404   0.10000000   0.87500000
   1405   0.12500000   0.87500000
   1406   0.15000000   0.87500000
   1407   0.17500000   0.87500000
   1408   0.20000000   0.87500000
   1409   0.22500000   0.87500000
   1410   0.25000000   0.87500000
   1411   0.27500000   0.87500000
   1411   0.30000000   0.87500000
   1413   0.32500000   0.87500000
   1413   0.35000000   0.87500000
   1415   0.37500000   0.87500000
   1416   0.40000000   0.87500000
   1416   0.42500000   0.87500000
   1418   0.45000000   0.87500000
   1418   0.47500000   0.87500000
   1420   0.50000000   0.87500000
   1421   0.52500000   0.87500000
   1422   0.55000000   0.87500000
   1423   0.57500000   0.87500000
   1423   0.60000000   0.87500000
   1425   0.62500000   0.87500000
   1426   0.65000000   0.87500000
   1427   0.67500000   0.87500000
   1428   0.70000000   0.87500000
   1428   0.72500000   0.87500000
   1430   0.75000000   0.87500000
   1431   0.77500000   0.87500000
   1432   0.80000000   0.87500000
   1433   0.82500000   0.87500000
   1433   0.85000000   0.87500000
   1435   0.87500000   0.87500000
   1436   0.90000000   0.87500000
   1437   0.92500000   0.87500000
   1438   0.95000000   0.87500000
   1438   0.97500000   0.87500000
   1478   0.97500000   0.90000000
   1440   0.00000000   0.90000000
   1441   0.02500000   0.90000000
   1442   0.05000000   0.90000000
   1443   0.07500000   0.90000000
   1444   0.10000000   0.90000000
   1445   0.12500000   0.90000000
   1446   0.15000000   0.90000000
   1447   0.17500000   0.90000000
   1448   0.20000000   0.90000000
   1449   0.22500000   0.90000000
   1450   0.25000000   0.90000000
   1451   0.27500000   0.90000000
   1451   0.30000000   0.90000000
   1453   0.32500000   0.90000000
   1453   0.35000000   0.90000000
   1455   0.37500000   0.90000000
   1456   0.40000000   0.90000000
   1456   0.42500000   0.90000000
   1458   0.45000000   0.90000000
   1458   0.47500000   0.90000000
   1460   0.50000000   0.90000000
   1461   0.52500000   0.90000000
   1462   0.55000000   0.90000000
   1463   0.57500000   0.90000000
   1463   0.60000000   0.90000000
   1465   0.62500000   0.90000000
   1466   0.65000000   0.90000000
   1467   0.67500000   0.90000000
   1468   0.70000000   0.90000000
   1468   0.72500000   0.90000000
   1470   0.75000000   0.90000000
   1471   0.77500000   0.90000000
   1472   0.80000000   0.90000000
   1473   0.82500000   0.90000000
   1473   0.85000000   0.90000000
   1475   0.87500000   0.90000000
   1476   0.90000000   0.90000000
   1477   0.92500000   0.90000000
   1478   0.95000000   0.90000000
   1478   0.97500000   0.90000000
   1518   0.97500000   0.92500000
   1480   0.00000000   0.92500000
   1481   0.02500000   0.92500000
   1482   0.05000000   0.92500000
   1483   0.07500000   0.92500000
   1484   0.10000000   0.92500000
   1485   0.12500000   0.92500000
   1486   0.15000000   0.92500000
   1487   0.17500000   0.92500000
   1488   0.20000000   0.92500000
   1489   0.22500000   0.92500000
   1490   0.25000000   0.92500000
   1491   0.27500000   0.92500000
   1491   0.30000000   0.92500000
   1493   0.32500000   0.92500000
   1493   0.35000000   0.92500000
   1495   0.37500000   0.92500000
   1496   0.40000000   0.92500000
   1496   0.42500000   0.92500000
   1498   0.45000000   0.92500000
   1498   0.47500000   0.92500000
   1500   0.50000000   0.92500000
   1501   0.52500000   0.92500000
   1502   0.55000000   0.92500000
   1503   0.57500000   0.92500000
   1503   0.60000000   0.92500000
   1505   0.62500000   0.92500000
   1506   0.65000000   0.92500000
   1507   0.67500000   0.92500000
   1508   0.70000000   0.92500000
   1508   0.72500000   0.92500000
   1510   0.75000000   0.92500000
   1511   0.77500000   0.92500000
   1512   0.80000000   0.92500000
   1513   0.82500000   0.92500000
   1513   0.85000000   0.92500000
   1515   0.87500000   0.92500000
   1516   0.90000000   0.92500000
   1517   0.92500000   0.92500000
   1518   0.95000000   0.92500000
   1518   0.97500000   0.92500000
   1558   0.97500000   0.95000000
   1520   0.00000000   0.95000000
   1521   0.02500000   0.95000000
   1522   0.05000000   0.95000000
   1523   0.07500000   0.95000000
   1524   0.10000000   0.95000000
   1525   0.12500000   0.95000000
   1526   0.15000000   0.95000000
   1527   0.17500000   0.95000000
   1528   0.20000000   0.95000000
   1529   0.22500000   0.95000000
   1530   0.25000000   0.95000000
   1531   0.27500000   0.95000000
   1531   0.30000000   0.95000000
   1533   0.32500000   0.95000000
   1533   0.35000000   0.95000000
   1535   0.37500000   0.95000000
   1536   0.40000000   0.95000000
   1536   0.42500000   0.95000000
   1538   0.45000000   0.95000000
   1538   0.47500000   0.95000000
   1540   0.50000000   0.95000000
   1541   0.52500000   0.95000000
   1542   0.55000000   0.95000000
   1543   0.57500000   0.95000000
   1543   0.60000000   0.95000000
   1545   0.62500000   0.95000000
   1546   0.65000000   0.95000000
   1547   0.67500000   0.95000000
   1548   0.70000000   0.95000000
   1548   0.72500000   0.95000000
   1550   0.75000000   0.95000000
   1551   0.77500000   0.95000000
   1552   0.80000000   0.95000000
   1553   0.82500000   0.95000000
   1553   0.85000000   0.95000000
   1555   0.87500000   0.95000000
   1556   0.90000000   0.95000000
   1557   0.92500000   0.95000000
   1558   0.95000000   0.95000000
   1558   0.97500000   0.95000000
   1558   0.97500000   0.97500000
   1520   0.00000000   0.97500000
   1521   0.02500000   0.97500000
   1522   0.05000000   0.97500000
   1523   0.07500000   0.97500000
   1524   0.10000000   0.97500000
   1525   0.12500000   0.97500000
   1526   0.15000000   0.97500000
   1527   0.17500000   0.97500000
   1528   0.20000000   0.97500000
   1529   0.22500000   0.97500000
   1530   0.25000000   0.97500000
   1531   0.27500000   0.97500000
   1531   0.30000000   0.97500000
   1533   0.32500000   0.97500000
   1533   0.35000000   0.97500000
   1535   0.37500000   0.97500000
   1536   0.40000000   0.97500000
   1536   0.42500000   0.97500000
   1538   0.45000000   0.97500000
   1538   0.47500000   0.97500000
   1540   0.50000000   0.97500000
   1541   0.52500000   0.97500000
   1542   0.55000000   0.97500000
   1543   0.57500000   0.97500000
   1543   0.60000000   0.97500000
   1545   0.62500000   0.97500000
   1546   0.65000000   0.97500000
   1547   0.67500000   0.97500000
   1548   0.70000000   0.97500000
   1548   0.72500000   0.97500000
   1550   0.75000000   0.97500000
   1551   0.77500000   0.97500000
   1552   0.80000000   0.97500000
   1553   0.82500000   0.97500000
   1553   0.85000000   0.97500000
   1555   0.87500000   0.97500000
   1556   0.90000000   0.97500000
   1557   0.92500000   0.97500000
   1558   0.95000000   0.97500000
   1558   0.97500000   0.97500000
