[ElemU 0]
POI_BUF: 
      0     15      0    0.999    0.999
      1     15      1        1    0.999
      2     12      1        0    0.999
      3     12      0    0.249    0.999
      4     12      0    0.249    0.999
      5     12      1    0.249        1
      6      0      1    0.249        0
      7      0      0    0.249    0.249
      8      3      0    0.999    0.249
      9      3      1        1    0.249
     10      0      1        0    0.249
     11      0      0    0.249    0.249
     12     15      0    0.999    0.999
     13     15      1    0.999        1
     14      3      1    0.999        0
     15      3      0    0.999    0.249
     16     15      1    0.999        1
     17     15      2        1        1
     18     15      2        1        1
     19     15      1        1    0.999
     20     12      1    0.249        1
     21     12      2        0        1
     22     12      2        0        1
     23     12      1        0    0.999
     24      0      1    0.249        0
     25      0      2        0        0
     26      0      2        0        0
     27      0      1        0    0.249
     28      3      1    0.999        0
     29      3      2        1        0
     30      3      2        1        0
     31      3      1        1    0.249
[ElemU 1]
POI_BUF: 
      0     12      0    0.249    0.999
      1     12      1     0.25    0.999
      2     13      1     0.25    0.999
      3     13      0    0.499    0.999
      4     13      0    0.499    0.999
      5     13      1    0.499        1
      6      1      1    0.499        0
      7      1      0    0.499    0.249
      8      0      0    0.249    0.249
      9      0      1     0.25    0.249
     10      1      1     0.25    0.249
     11      1      0    0.499    0.249
     12     12      0    0.249    0.999
     13     12      1    0.249        1
     14      0      1    0.249        0
     15      0      0    0.249    0.249
     16     12      1    0.249        1
     17     12      2     0.25        1
     18     12      2     0.25        1
     19     12      1     0.25    0.999
     20     13      1    0.499        1
     21     13      2     0.25        1
     22     13      2     0.25        1
     23     13      1     0.25    0.999
     24      1      1    0.499        0
     25      1      2     0.25        0
     26      1      2     0.25        0
     27      1      1     0.25    0.249
     28      0      1    0.249        0
     29      0      2     0.25        0
     30      0      2     0.25        0
     31      0      1     0.25    0.249
[ElemU 2]
POI_BUF: 
      0     13      0    0.499    0.999
      1     13      1      0.5    0.999
      2     14      1      0.5    0.999
      3     14      0    0.749    0.999
      4     14      0    0.749    0.999
      5     14      1    0.749        1
      6      2      1    0.749        0
      7      2      0    0.749    0.249
      8      1      0    0.499    0.249
      9      1      1      0.5    0.249
     10      2      1      0.5    0.249
     11      2      0    0.749    0.249
     12     13      0    0.499    0.999
     13     13      1    0.499        1
     14      1      1    0.499        0
     15      1      0    0.499    0.249
     16     13      1    0.499        1
     17     13      2      0.5        1
     18     13      2      0.5        1
     19     13      1      0.5    0.999
     20     14      1    0.749        1
     21     14      2      0.5        1
     22     14      2      0.5        1
     23     14      1      0.5    0.999
     24      2      1    0.749        0
     25      2      2      0.5        0
     26      2      2      0.5        0
     27      2      1      0.5    0.249
     28      1      1    0.499        0
     29      1      2      0.5        0
     30      1      2      0.5        0
     31      1      1      0.5    0.249
[ElemU 3]
POI_BUF: 
      0     14      0    0.749    0.999
      1     14      1     0.75    0.999
      2     15      1     0.75    0.999
      3     15      0    0.999    0.999
      4     15      0    0.999    0.999
      5     15      1    0.999        1
      6      3      1    0.999        0
      7      3      0    0.999    0.249
      8      2      0    0.749    0.249
      9      2      1     0.75    0.249
     10      3      1     0.75    0.249
     11      3      0    0.999    0.249
     12     14      0    0.749    0.999
     13     14      1    0.749        1
     14      2      1    0.749        0
     15      2      0    0.749    0.249
     16     14      1    0.749        1
     17     14      2     0.75        1
     18     14      2     0.75        1
     19     14      1     0.75    0.999
     20     15      1    0.999        1
     21     15      2     0.75        1
     22     15      2     0.75        1
     23     15      1     0.75    0.999
     24      3      1    0.999        0
     25      3      2     0.75        0
     26      3      2     0.75        0
     27      3      1     0.75    0.249
     28      2      1    0.749        0
     29      2      2     0.75        0
     30      2      2     0.75        0
     31      2      1     0.75    0.249
[ElemU 4]
POI_BUF: 
      0      3      0    0.999    0.249
      1      3      1        1    0.249
      2      0      1        0    0.249
      3      0      0    0.249    0.249
      4      0      0    0.249    0.249
      5      0      1    0.249     0.25
      6      4      1    0.249     0.25
      7      4      0    0.249    0.499
      8      7      0    0.999    0.499
      9      7      1        1    0.499
     10      4      1        0    0.499
     11      4      0    0.249    0.499
     12      3      0    0.999    0.249
     13      3      1    0.999     0.25
     14      7      1    0.999     0.25
     15      7      0    0.999    0.499
     16      3      1    0.999     0.25
     17      3      2        1     0.25
     18      3      2        1     0.25
     19      3      1        1    0.249
     20      0      1    0.249     0.25
     21      0      2        0     0.25
     22      0      2        0     0.25
     23      0      1        0    0.249
     24      4      1    0.249     0.25
     25      4      2        0     0.25
     26      4      2        0     0.25
     27      4      1        0    0.499
     28      7      1    0.999     0.25
     29      7      2        1     0.25
     30      7      2        1     0.25
     31      7      1        1    0.499
[ElemU 5]
POI_BUF: 
      0      0      0    0.249    0.249
      1      0      1     0.25    0.249
      2      1      1     0.25    0.249
      3      1      0    0.499    0.249
      4      1      0    0.499    0.249
      5      1      1    0.499     0.25
      6      5      1    0.499     0.25
      7      5      0    0.499    0.499
      8      4      0    0.249    0.499
      9      4      1     0.25    0.499
     10      5      1     0.25    0.499
     11      5      0    0.499    0.499
     12      0      0    0.249    0.249
     13      0      1    0.249     0.25
     14      4      1    0.249     0.25
     15      4      0    0.249    0.499
     16      0      1    0.249     0.25
     17      0      2     0.25     0.25
     18      0      2     0.25     0.25
     19      0      1     0.25    0.249
     20      1      1    0.499     0.25
     21      1      2     0.25     0.25
     22      1      2     0.25     0.25
     23      1      1     0.25    0.249
     24      5      1    0.499     0.25
     25      5      2     0.25     0.25
     26      5      2     0.25     0.25
     27      5      1     0.25    0.499
     28      4      1    0.249     0.25
     29      4      2     0.25     0.25
     30      4      2     0.25     0.25
     31      4      1     0.25    0.499
[ElemU 6]
POI_BUF: 
      0      1      0    0.499    0.249
      1      1      1      0.5    0.249
      2      2      1      0.5    0.249
      3      2      0    0.749    0.249
      4      2      0    0.749    0.249
      5      2      1    0.749     0.25
      6      6      1    0.749     0.25
      7      6      0    0.749    0.499
      8      5      0    0.499    0.499
      9      5      1      0.5    0.499
     10      6      1      0.5    0.499
     11      6      0    0.749    0.499
     12      1      0    0.499    0.249
     13      1      1    0.499     0.25
     14      5      1    0.499     0.25
     15      5      0    0.499    0.499
     16      1      1    0.499     0.25
     17      1      2      0.5     0.25
     18      1      2      0.5     0.25
     19      1      1      0.5    0.249
     20      2      1    0.749     0.25
     21      2      2      0.5     0.25
     22      2      2      0.5     0.25
     23      2      1      0.5    0.249
     24      6      1    0.749     0.25
     25      6      2      0.5     0.25
     26      6      2      0.5     0.25
     27      6      1      0.5    0.499
     28      5      1    0.499     0.25
     29      5      2      0.5     0.25
     30      5      2      0.5     0.25
     31      5      1      0.5    0.499
[ElemU 7]
POI_BUF: 
      0      2      0    0.749    0.249
      1      2      1     0.75    0.249
      2      3      1     0.75    0.249
      3      3      0    0.999    0.249
      4      3      0    0.999    0.249
      5      3      1    0.999     0.25
      6      7      1    0.999     0.25
      7      7      0    0.999    0.499
      8      6      0    0.749    0.499
      9      6      1     0.75    0.499
     10      7      1     0.75    0.499
     11      7      0    0.999    0.499
     12      2      0    0.749    0.249
     13      2      1    0.749     0.25
     14      6      1    0.749     0.25
     15      6      0    0.749    0.499
     16      2      1    0.749     0.25
     17      2      2     0.75     0.25
     18      2      2     0.75     0.25
     19      2      1     0.75    0.249
     20      3      1    0.999     0.25
     21      3      2     0.75     0.25
     22      3      2     0.75     0.25
     23      3      1     0.75    0.249
     24      7      1    0.999     0.25
     25      7      2     0.75     0.25
     26      7      2     0.75     0.25
     27      7      1     0.75    0.499
     28      6      1    0.749     0.25
     29      6      2     0.75     0.25
     30      6      2     0.75     0.25
     31      6      1     0.75    0.499
[ElemU 8]
POI_BUF: 
      0      7      0    0.999    0.499
      1      7      1        1    0.499
      2      4      1        0    0.499
      3      4      0    0.249    0.499
      4      4      0    0.249    0.499
      5      4      1    0.249      0.5
      6      8      1    0.249      0.5
      7      8      0    0.249    0.749
      8     11      0    0.999    0.749
      9     11      1        1    0.749
     10      8      1        0    0.749
     11      8      0    0.249    0.749
     12      7      0    0.999    0.499
     13      7      1    0.999      0.5
     14     11      1    0.999      0.5
     15     11      0    0.999    0.749
     16      7      1    0.999      0.5
     17      7      2        1      0.5
     18      7      2        1      0.5
     19      7      1        1    0.499
     20      4      1    0.249      0.5
     21      4      2        0      0.5
     22      4      2        0      0.5
     23      4      1        0    0.499
     24      8      1    0.249      0.5
     25      8      2        0      0.5
     26      8      2        0      0.5
     27      8      1        0    0.749
     28     11      1    0.999      0.5
     29     11      2        1      0.5
     30     11      2        1      0.5
     31     11      1        1    0.749
[ElemU 9]
POI_BUF: 
      0      4      0    0.249    0.499
      1      4      1     0.25    0.499
      2      5      1     0.25    0.499
      3      5      0    0.499    0.499
      4      5      0    0.499    0.499
      5      5      1    0.499      0.5
      6      9      1    0.499      0.5
      7      9      0    0.499    0.749
      8      8      0    0.249    0.749
      9      8      1     0.25    0.749
     10      9      1     0.25    0.749
     11      9      0    0.499    0.749
     12      4      0    0.249    0.499
     13      4      1    0.249      0.5
     14      8      1    0.249      0.5
     15      8      0    0.249    0.749
     16      4      1    0.249      0.5
     17      4      2     0.25      0.5
     18      4      2     0.25      0.5
     19      4      1     0.25    0.499
     20      5      1    0.499      0.5
     21      5      2     0.25      0.5
     22      5      2     0.25      0.5
     23      5      1     0.25    0.499
     24      9      1    0.499      0.5
     25      9      2     0.25      0.5
     26      9      2     0.25      0.5
     27      9      1     0.25    0.749
     28      8      1    0.249      0.5
     29      8      2     0.25      0.5
     30      8      2     0.25      0.5
     31      8      1     0.25    0.749
[ElemU 10]
POI_BUF: 
      0      5      0    0.499    0.499
      1      5      1      0.5    0.499
      2      6      1      0.5    0.499
      3      6      0    0.749    0.499
      4      6      0    0.749    0.499
      5      6      1    0.749      0.5
      6     10      1    0.749      0.5
      7     10      0    0.749    0.749
      8      9      0    0.499    0.749
      9      9      1      0.5    0.749
     10     10      1      0.5    0.749
     11     10      0    0.749    0.749
     12      5      0    0.499    0.499
     13      5      1    0.499      0.5
     14      9      1    0.499      0.5
     15      9      0    0.499    0.749
     16      5      1    0.499      0.5
     17      5      2      0.5      0.5
     18      5      2      0.5      0.5
     19      5      1      0.5    0.499
     20      6      1    0.749      0.5
     21      6      2      0.5      0.5
     22      6      2      0.5      0.5
     23      6      1      0.5    0.499
     24     10      1    0.749      0.5
     25     10      2      0.5      0.5
     26     10      2      0.5      0.5
     27     10      1      0.5    0.749
     28      9      1    0.499      0.5
     29      9      2      0.5      0.5
     30      9      2      0.5      0.5
     31      9      1      0.5    0.749
[ElemU 11]
POI_BUF: 
      0      6      0    0.749    0.499
      1      6      1     0.75    0.499
      2      7      1     0.75    0.499
      3      7      0    0.999    0.499
      4      7      0    0.999    0.499
      5      7      1    0.999      0.5
      6     11      1    0.999      0.5
      7     11      0    0.999    0.749
      8     10      0    0.749    0.749
      9     10      1     0.75    0.749
     10     11      1     0.75    0.749
     11     11      0    0.999    0.749
     12      6      0    0.749    0.499
     13      6      1    0.749      0.5
     14     10      1    0.749      0.5
     15     10      0    0.749    0.749
     16      6      1    0.749      0.5
     17      6      2     0.75      0.5
     18      6      2     0.75      0.5
     19      6      1     0.75    0.499
     20      7      1    0.999      0.5
     21      7      2     0.75      0.5
     22      7      2     0.75      0.5
     23      7      1     0.75    0.499
     24     11      1    0.999      0.5
     25     11      2     0.75      0.5
     26     11      2     0.75      0.5
     27     11      1     0.75    0.749
     28     10      1    0.749      0.5
     29     10      2     0.75      0.5
     30     10      2     0.75      0.5
     31     10      1     0.75    0.749
[ElemU 12]
POI_BUF: 
      0     11      0    0.999    0.749
      1     11      1        1    0.749
      2      8      1        0    0.749
      3      8      0    0.249    0.749
      4      8      0    0.249    0.749
      5      8      1    0.249     0.75
      6     12      1    0.249     0.75
      7     12      0    0.249    0.999
      8     15      0    0.999    0.999
      9     15      1        1    0.999
     10     12      1        0    0.999
     11     12      0    0.249    0.999
     12     11      0    0.999    0.749
     13     11      1    0.999     0.75
     14     15      1    0.999     0.75
     15     15      0    0.999    0.999
     16     11      1    0.999     0.75
     17     11      2        1     0.75
     18     11      2        1     0.75
     19     11      1        1    0.749
     20      8      1    0.249     0.75
     21      8      2        0     0.75
     22      8      2        0     0.75
     23      8      1        0    0.749
     24     12      1    0.249     0.75
     25     12      2        0     0.75
     26     12      2        0     0.75
     27     12      1        0    0.999
     28     15      1    0.999     0.75
     29     15      2        1     0.75
     30     15      2        1     0.75
     31     15      1        1    0.999
[ElemU 13]
POI_BUF: 
      0      8      0    0.249    0.749
      1      8      1     0.25    0.749
      2      9      1     0.25    0.749
      3      9      0    0.499    0.749
      4      9      0    0.499    0.749
      5      9      1    0.499     0.75
      6     13      1    0.499     0.75
      7     13      0    0.499    0.999
      8     12      0    0.249    0.999
      9     12      1     0.25    0.999
     10     13      1     0.25    0.999
     11     13      0    0.499    0.999
     12      8      0    0.249    0.749
     13      8      1    0.249     0.75
     14     12      1    0.249     0.75
     15     12      0    0.249    0.999
     16      8      1    0.249     0.75
     17      8      2     0.25     0.75
     18      8      2     0.25     0.75
     19      8      1     0.25    0.749
     20      9      1    0.499     0.75
     21      9      2     0.25     0.75
     22      9      2     0.25     0.75
     23      9      1     0.25    0.749
     24     13      1    0.499     0.75
     25     13      2     0.25     0.75
     26     13      2     0.25     0.75
     27     13      1     0.25    0.999
     28     12      1    0.249     0.75
     29     12      2     0.25     0.75
     30     12      2     0.25     0.75
     31     12      1     0.25    0.999
[ElemU 14]
POI_BUF: 
      0      9      0    0.499    0.749
      1      9      1      0.5    0.749
      2     10      1      0.5    0.749
      3     10      0    0.749    0.749
      4     10      0    0.749    0.749
      5     10      1    0.749     0.75
      6     14      1    0.749     0.75
      7     14      0    0.749    0.999
      8     13      0    0.499    0.999
      9     13      1      0.5    0.999
     10     14      1      0.5    0.999
     11     14      0    0.749    0.999
     12      9      0    0.499    0.749
     13      9      1    0.499     0.75
     14     13      1    0.499     0.75
     15     13      0    0.499    0.999
     16      9      1    0.499     0.75
     17      9      2      0.5     0.75
     18      9      2      0.5     0.75
     19      9      1      0.5    0.749
     20     10      1    0.749     0.75
     21     10      2      0.5     0.75
     22     10      2      0.5     0.75
     23     10      1      0.5    0.749
     24     14      1    0.749     0.75
     25     14      2      0.5     0.75
     26     14      2      0.5     0.75
     27     14      1      0.5    0.999
     28     13      1    0.499     0.75
     29     13      2      0.5     0.75
     30     13      2      0.5     0.75
     31     13      1      0.5    0.999
[ElemU 15]
POI_BUF: 
      0     10      0    0.749    0.749
      1     10      1     0.75    0.749
      2     11      1     0.75    0.749
      3     11      0    0.999    0.749
      4     11      0    0.999    0.749
      5     11      1    0.999     0.75
      6     15      1    0.999     0.75
      7     15      0    0.999    0.999
      8     14      0    0.749    0.999
      9     14      1     0.75    0.999
     10     15      1     0.75    0.999
     11     15      0    0.999    0.999
     12     10      0    0.749    0.749
     13     10      1    0.749     0.75
     14     14      1    0.749     0.75
     15     14      0    0.749    0.999
     16     10      1    0.749     0.75
     17     10      2     0.75     0.75
     18     10      2     0.75     0.75
     19     10      1     0.75    0.749
     20     11      1    0.999     0.75
     21     11      2     0.75     0.75
     22     11      2     0.75     0.75
     23     11      1     0.75    0.749
     24     15      1    0.999     0.75
     25     15      2     0.75     0.75
     26     15      2     0.75     0.75
     27     15      1     0.75    0.999
     28     14      1    0.749     0.75
     29     14      2     0.75     0.75
     30     14      2     0.75     0.75
     31     14      1     0.75    0.999
