[ElemE 0]
SEG_BUF: 
      0      0      1
      1      2      3
      2      4      5
      3      6      7
      4      9      8
      5     11     10
      6     13     12
      7     15     14
      8     17     16
      9     19     18
     10     20     21
     11     22     23
     12     25     24
     13     27     26
     14     28     29
     15     30     31
[ElemE 1]
SEG_BUF: 
      0      0      1
      1      2      3
      2      4      5
      3      6      7
      4      9      8
      5     11     10
      6     13     12
      7     15     14
      8     17     16
      9     19     18
     10     20     21
     11     22     23
     12     25     24
     13     27     26
     14     28     29
     15     30     31
[ElemE 2]
SEG_BUF: 
      0      0      1
      1      2      3
      2      4      5
      3      6      7
      4      9      8
      5     11     10
      6     13     12
      7     15     14
      8     17     16
      9     19     18
     10     20     21
     11     22     23
     12     25     24
     13     27     26
     14     28     29
     15     30     31
[ElemE 3]
SEG_BUF: 
      0      0      1
      1      2      3
      2      4      5
      3      6      7
      4      9      8
      5     11     10
      6     13     12
      7     15     14
      8     17     16
      9     19     18
     10     20     21
     11     22     23
     12     25     24
     13     27     26
     14     28     29
     15     30     31
[ElemE 4]
SEG_BUF: 
      0      0      1
      1      2      3
      2      4      5
      3      6      7
      4      9      8
      5     11     10
      6     13     12
      7     15     14
      8     17     16
      9     19     18
     10     20     21
     11     22     23
     12     25     24
     13     27     26
     14     28     29
     15     30     31
[ElemE 5]
SEG_BUF: 
      0      0      1
      1      2      3
      2      4      5
      3      6      7
      4      9      8
      5     11     10
      6     13     12
      7     15     14
      8     17     16
      9     19     18
     10     20     21
     11     22     23
     12     25     24
     13     27     26
     14     28     29
     15     30     31
[ElemE 6]
SEG_BUF: 
      0      0      1
      1      2      3
      2      4      5
      3      6      7
      4      9      8
      5     11     10
      6     13     12
      7     15     14
      8     17     16
      9     19     18
     10     20     21
     11     22     23
     12     25     24
     13     27     26
     14     28     29
     15     30     31
[ElemE 7]
SEG_BUF: 
      0      0      1
      1      2      3
      2      4      5
      3      6      7
      4      9      8
      5     11     10
      6     13     12
      7     15     14
      8     17     16
      9     19     18
     10     20     21
     11     22     23
     12     25     24
     13     27     26
     14     28     29
     15     30     31
[ElemE 8]
SEG_BUF: 
      0      0      1
      1      2      3
      2      4      5
      3      6      7
      4      9      8
      5     11     10
      6     13     12
      7     15     14
      8     17     16
      9     19     18
     10     20     21
     11     22     23
     12     25     24
     13     27     26
     14     28     29
     15     30     31
[ElemE 9]
SEG_BUF: 
      0      0      1
      1      2      3
      2      4      5
      3      6      7
      4      9      8
      5     11     10
      6     13     12
      7     15     14
      8     17     16
      9     19     18
     10     20     21
     11     22     23
     12     25     24
     13     27     26
     14     28     29
     15     30     31
[ElemE 10]
SEG_BUF: 
      0      0      1
      1      2      3
      2      4      5
      3      6      7
      4      9      8
      5     11     10
      6     13     12
      7     15     14
      8     17     16
      9     19     18
     10     20     21
     11     22     23
     12     25     24
     13     27     26
     14     28     29
     15     30     31
[ElemE 11]
SEG_BUF: 
      0      0      1
      1      2      3
      2      4      5
      3      6      7
      4      9      8
      5     11     10
      6     13     12
      7     15     14
      8     17     16
      9     19     18
     10     20     21
     11     22     23
     12     25     24
     13     27     26
     14     28     29
     15     30     31
[ElemE 12]
SEG_BUF: 
      0      0      1
      1      2      3
      2      4      5
      3      6      7
      4      9      8
      5     11     10
      6     13     12
      7     15     14
      8     17     16
      9     19     18
     10     20     21
     11     22     23
     12     25     24
     13     27     26
     14     28     29
     15     30     31
[ElemE 13]
SEG_BUF: 
      0      0      1
      1      2      3
      2      4      5
      3      6      7
      4      9      8
      5     11     10
      6     13     12
      7     15     14
      8     17     16
      9     19     18
     10     20     21
     11     22     23
     12     25     24
     13     27     26
     14     28     29
     15     30     31
[ElemE 14]
SEG_BUF: 
      0      0      1
      1      2      3
      2      4      5
      3      6      7
      4      9      8
      5     11     10
      6     13     12
      7     15     14
      8     17     16
      9     19     18
     10     20     21
     11     22     23
     12     25     24
     13     27     26
     14     28     29
     15     30     31
[ElemE 15]
SEG_BUF: 
      0      0      1
      1      2      3
      2      4      5
      3      6      7
      4      9      8
      5     11     10
      6     13     12
      7     15     14
      8     17     16
      9     19     18
     10     20     21
     11     22     23
     12     25     24
     13     27     26
     14     28     29
     15     30     31
